1000 999 3
410 865
674 346
756 245
772 731
380 253
635 411
375 858
587 309
848 268
104 115
386 965
108 67
808 782
719 664
122 284
19 532
149 45
878 905
290 3
988 23
256 975
786 983
833 726
292 681
994 397
149 380
714 609
447 522
391 166
538 513
802 558
398 951
603 628
209 246
631 197
621 888
173 407
223 6
485 868
40 479
617 189
211 331
798 659
206 542
177 96
407 980
654 805
283 610
434 492
208 65
42 829
305 215
588 881
573 74
749 965
905 366
154 117
697 305
776 255
847 305
352 254
637 358
412 921
968 198
413 528
615 455
357 921
22 298
802 948
724 903
913 629
269 68
746 318
725 874
574 572
532 278
178 169
636 942
90 957
140 856
485 756
311 195
29 686
845 183
634 569
86 547
550 355
967 649
25 692
523 599
616 407
229 147
577 866
89 19
823 582
875 660
338 187
855 719
873 52
902 859
621 988
406 524
695 374
173 720
418 48
672 35
456 901
534 33
119 623
52 942
557 280
955 895
819 162
966 44
215 868
903 188
208 309
712 255
35 885
328 454
934 0
841 390
253 375
775 373
998 179
667 908
459 622
155 278
137 122
322 352
990 225
540 551
535 253
806 570
138 134
376 424
486 217
814 92
592 941
465 943
121 484
851 580
459 6
859 596
128 181
300 471
407 840
374 294
93 180
216 584
667 593
360 505
162 527
597 755
468 414
698 589
251 901
170 62
907 381
658 388
562 958
211 321
150 585
967 596
765 184
532 784
129 892
642 291
419 239
46 888
6 96
477 609
349 999
671 257
380 329
997 295
639 208
616 141
793 584
737 910
120 269
47 249
162 689
892 581
280 291
821 638
387 299
247 89
650 918
698 31
599 695
326 590
255 294
732 400
230 821
662 350
91 709
951 605
750 196
186 383
487 360
21 226
11 621
315 661
539 13
44 491
60 722
433 315
17 517
715 599
339 730
950 430
439 253
35 542
449 573
925 936
933 298
515 944
919 830
958 811
844 2
302 904
725 87
572 94
605 639
693 944
369 995
374 161
249 761
55 50
334 980
339 620
630 854
916 550
684 874
361 880
229 15
137 306
454 709
400 59
700 445
3 422
441 729
935 42
842 990
92 177
322 431
149 952
637 417
854 322
644 215
202 873
582 691
531 37
752 283
448 453
728 452
227 169
533 162
563 376
152 8
905 826
439 406
778 429
823 633
751 467
200 305
692 135
997 223
524 101
506 972
554 235
776 133
756 662
295 320
38 799
328 295
625 119
701 404
548 524
389 651
992 941
309 684
76 306
908 952
759 766
925 666
1 53
799 110
715 95
430 753
894 110
400 872
581 101
276 482
626 17
133 970
310 442
654 739
100 914
691 860
681 616
878 34
22 677
144 737
772 926
843 19
388 243
891 970
345 519
452 971
888 937
293 198
732 299
937 184
214 629
396 247
597 274
633 619
952 130
709 76
56 552
447 445
795 338
767 140
209 571
463 449
508 108
648 592
408 937
777 974
918 173
573 868
800 206
839 752
336 548
180 745
100 628
190 248
318 309
740 880
880 556
329 740
664 329
685 72
267 462
46 537
987 619
405 139
826 245
891 514
145 424
259 598
52 801
846 722
110 938
602 342
494 932
435 159
261 120
231 880
934 630
418 273
249 175
413 427
772 656
294 918
80 553
868 484
707 66
207 169
4 161
512 499
93 299
658 707
419 241
587 705
871 357
978 473
533 743
900 305
400 194
575 480
100 443
317 807
509 876
328 514
37 192
365 131
491 23
190 262
616 777
967 488
487 298
961 20
41 213
677 441
760 605
274 212
48 591
371 910
467 699
776 504
892 493
987 383
516 177
646 484
307 965
972 794
263 285
166 305
499 195
98 611
800 724
823 201
667 194
463 134
893 591
991 785
84 330
521 952
860 519
436 167
484 409
313 100
46 831
757 545
26 207
508 179
932 331
380 599
525 843
86 771
786 77
908 870
759 429
822 619
300 258
138 785
19 803
237 66
634 994
611 13
201 472
192 485
803 924
85 681
119 171
804 905
600 712
775 359
494 597
331 794
207 821
931 227
625 168
293 611
514 256
976 68
728 520
553 532
444 638
565 915
809 369
172 761
81 947
473 927
896 804
722 456
625 653
683 602
174 976
566 688
232 542
108 961
63 662
845 859
652 410
127 814
131 299
575 212
599 48
140 495
204 214
951 830
219 986
784 393
962 350
434 547
245 542
860 308
556 705
519 209
467 646
23 598
946 598
162 545
999 654
392 203
868 696
385 88
682 170
833 997
872 267
544 469
162 404
777 718
461 649
927 928
647 302
526 593
253 40
490 252
695 235
455 563
931 193
3 965
715 837
962 587
456 858
57 618
614 186
689 75
187 616
3 835
271 881
780 524
922 271
776 617
858 583
532 789
776 888
106 491
77 421
431 533
279 840
504 894
378 193
969 566
161 325
753 432
558 533
308 832
156 84
801 14
20 334
155 796
574 262
640 651
35 423
536 314
615 392
560 345
937 882
263 451
207 16
883 117
902 192
950 58
628 751
425 648
437 580
797 11
194 789
662 229
564 551
896 179
943 456
524 233
338 788
684 897
156 919
15 58
463 317
469 92
68 894
92 506
826 241
869 373
30 884
602 946
435 850
125 730
307 2
963 997
142 647
247 298
567 614
709 30
931 178
474 351
72 567
209 898
160 79
271 191
963 226
489 750
428 615
480 735
969 796
85 111
443 332
761 362
946 470
393 229
648 219
580 72
138 790
323 299
221 946
842 536
172 331
286 601
298 118
688 267
914 125
730 710
457 844
72 755
314 817
984 315
37 565
387 527
707 710
826 280
657 668
816 181
352 454
134 650
572 175
270 839
300 352
549 758
196 973
865 863
791 850
530 180
767 917
59 826
980 886
106 637
906 274
170 258
728 305
261 652
832 883
491 132
587 392
242 136
366 108
351 509
310 881
41 77
798 100
255 130
338 361
767 245
987 290
855 715
947 468
719 779
703 563
911 291
955 154
427 673
614 778
182 924
659 575
353 809
676 608
940 14
321 59
611 308
349 467
375 648
287 94
427 991
657 691
282 965
197 61
638 811
191 173
87 202
748 440
11 776
400 303
791 721
715 754
381 416
573 756
65 861
202 492
852 212
535 486
529 732
547 167
543 738
340 630
940 441
422 303
217 822
607 360
895 674
115 276
90 688
384 155
549 939
0 753
151 535
239 680
268 786
199 163
876 892
146 816
333 920
120 550
743 79
263 990
753 378
267 195
418 3
703 968
942 55
73 445
590 313
477 210
451 677
726 328
569 872
144 254
144 616
156 887
47 419
878 152
797 497
348 216
500 51
536 443
106 961
240 48
274 718
611 726
747 337
54 316
561 550
922 705
167 78
945 214
498 175
367 647
24 67
215 524
470 751
319 576
713 560
976 339
630 587
417 377
276 471
45 837
374 967
895 541
45 840
107 895
367 826
543 391
245 758
267 715
862 587
643 575
499 620
266 129
559 684
506 836
507 551
25 881
870 920
774 915
112 234
811 479
60 706
222 306
464 490
373 326
77 17
253 576
989 872
57 548
556 563
384 63
466 410
945 336
682 71
603 795
305 766
626 718
472 849
376 937
691 749
615 768
766 221
696 755
93 105
656 649
668 40
64 486
802 361
822 837
433 425
984 738
192 610
456 16
811 832
953 502
934 921
622 700
142 670
808 235
775 464
236 795
856 300
281 11
662 455
848 447
881 832
185 425
794 994
441 606
178 747
460 112
668 435
165 162
105 325
397 881
141 985
676 997
285 310
360 299
765 560
746 646
744 284
423 539
278 217
497 808
964 309
921 984
744 438
498 850
763 895
83 904
232 759
253 517
69 614
817 187
526 915
833 271
199 609
162 829
826 659
638 142
968 911
478 65
349 976
915 464
223 998
368 455
109 973
324 531
939 141
718 466
409 903
737 608
512 899
790 690
910 428
184 230
691 662
295 40
638 210
856 213
560 224
668 670
197 993
201 137
486 271
955 895
174 44
856 687
943 646
729 205
74 914
435 117
576 83
157 567
293 365
780 206
589 801
876 138
794 429
627 632
700 582
528 874
978 736
913 273
382 643
478 808
909 266
925 485
349 434
404 994
799 537
200 740
338 428
878 484
857 858
116 909
792 996
136 771
732 49
44 114
44 875
922 953
141 199
791 490
633 547
836 432
84 37
172 422
465 403
906 675
261 375
584 53
371 720
176 456
122 221
570 518
96 845
824 589
396 967
431 30
514 267
814 599
304 339
373 122
742 632
797 355
7 733
760 730
806 937
186 928
510 109
798 958
306 622
899 702
589 330
84 104
597 251
55 254
590 780
376 684
412 525
391 771
610 151
502 416
440 40
696 302
149 495
612 807
117 511
862 59
841 946
163 439
549 570
45 139
350 773
175 115
650 566
886 260
70 740
29 510
781 725
165 282
220 777
442 690
289 304
749 130
602 264
921 152
186 318
643 536
91 819
3 741
385 890
2 455
630 31
318 763
108 483
46 681
260 488
371 901
144 472
384 746
736 657
898 274
976 542
162 67
713 166
809 98
56 163
906 38
546 224
802 654
59 200
335 671
40 706
573 184
530 309
282 266
966 181
892 942
75 55
10 140
221 171
238 629
334 496
667 880
720 821
534 131
21 870
803 413
928 728
597 459
37 232
77 3
413 970
946 840
25 308
980 598
479 570
227 165
67 894
45 139
68 931
271 441
153 426
855 82
154 804
893 191
36 970
546 801
292 492
993 669
152 325
267 631
896 846
796 315
741 193
806 161
125 77
602 630
855 809
712 9
614 957
552 2
280 99
804 572
943 149
594 96
475 213
79 723
60 876
390 153
421 196
314 898
626 268
529 481
78 593
491 44
551 43
46 831
494 850
755 438
352 349
886 827
563 965
550 975
193 940
128 967
488 442
865 114
62 394
596 140
988 439
184 539
482 231
722 329
433 477
119 785
179 5
612 94
322 514
69 868
806 197
835 295
991 700
761 53
95 357
546 435
796 730
326 631
961 48
312 747
877 431
532 408
788 497
502 110
363 923
978 522
472 813
169 463
866 930
869 313
640 415
748 788
497 426
771 811
826 83
558 703
514 442
112 654
291 966
765 655
890 95
177 362
261 698
178 479
628 399
792 620
166 892
409 663
318 180
474 144
264 384
199 130
827 311
785 118
630 902
125 872
349 302
234 962
352 764
441 981
163 233
601 681
125 362
345 443
895 819
939 159
204 139
641 383
802 778
501 432
32 627
304 734
281 891
696 634
7 138
967 523
723 920
204 849
635 549
644 530
721 584
41 277
75 682
660 877
813 513
310 197
492 966
931 126
209 628
112 217
118 79
740 841
351 944
42 986
846 39
516 919
975 557
548 50
592 560
927 757
73 589
954 918
556 886
44 765
866 156
334 984
587 74
825 290
371 868
277 569
907 145
488 882
55 36
284 647
596 211
404 21
801 710
291 709
596 335
826 462
843 161
798 782
235 624
73 958
844 702
527 103
847 367
337 902
755 621
901 351
184 657
725 337
368 16
46 316
704 873
131 899
386 929
682 973
905 107
932 101
809 811
204 8
179 893
263 934
866 164
638 51
174 715
388 894
83 787
562 787
12 45
687 398
975 721
371 232
828 655
334 637
467 890
645 998
136 260
284 2
425 274
53 951
989 794
197 73
933 759
212 945
805 899
695 132
620 418
716 800
74 50
437 893
293 435
243 429
695 527
783 472
802 837
775 143
983 972
216 268
84 429
213 241
680 260
373 653
678 441
453 752
844 243
997 137
30 240
918 77
120 701
550 922
890 677
417 225
650 634
493 86
415 58
327 95
318 52
100 997
493 554
101 337
149 99
826 179
691 96
608 811
798 510
85 688
188 503
914 190
489 759
276 256
818 955
351 136
7 804
133 852
710 587
542 859
686 720
390 729
817 998
893 615
509 330
655 49
185 921
239 26
681 867
282 499
822 986
635 181
790 121
33 500
708 927
359 746
648 101
827 465
451 720
80 960
403 87
9 588
9 600
615 690
467 249
189 641
235 176
822 25
649 208
877 709
135 588
455 135
689 283
600 141
355 32
453 758
120 463
699 129
415 666
171 883
915 712
876 151
240 699
528 890
259 406
599 746
994 407
882 684
42 834
177 749
867 630
508 339
445 559
468 861
225 639
96 492
703 972
643 943
23 172
833 282
930 785
381 924
192 263
960 234
97 137
983 316
768 843
655 213
754 123
426 979
114 874
824 169
847 467
113 222
991 946
857 921
731 238
846 275
501 806
509 950
296 845
267 64
688 922
629 795
398 408
126 864
282 950
34 481
418 147
704 761
445 913
35 177
151 881
804 4
39 314
954 687
511 573
751 551
496 733
346 894
141 473
110 423
423 144
257 193
291 961
955 737
874 990
266 377
223 70
381 614
736 687
302 247
261 405
799 757
138 497
3 631
970 113
407 394
610 664
587 901
977 894
990 851
884 608
580 459
31 961
74 767
0 728
367 261
133 518
370 624
15 725
255 338
839 14
732 801
678 671
702 655
566 45
858 802
653 438
262 684
751 688
804 752
416 523
365 549
393 736
525 760
461 781
98 652
795 830
453 826
854 508
833 420
553 692
222 558
482 836
595 586
524 751
338 940
274 703
842 19
791 367
779 253
500 878
257 648
60 711
474 914
219 307
334 124
351 909
682 186
97 629
772 622
380 462
914 6
517 756
25 661
124 805
914 976
683 171
624 95
234 450
10 805
110 696
929 461
957 964
999 55
593 123
677 974
937 591
980 455
700 6
468 176
163 382
152 198
905 129
293 492
579 303
297 689
352 227
503 309
543 502
364 136
626 393
110 915
337 443
722 37
801 190
565 964
924 717
162 182
846 807
674 778
111 971
467 815
550 970
124 93
825 841
582 803
234 692
718 923
487 441
312 288
631 877
252 556
947 766
738 145
574 764
923 37
87 391
852 990
713 328
435 538
169 17
341 404
62 60
679 549
501 992
838 484
869 442
40 168
561 130
314 487
894 237
524 982
980 728
972 694
56 407
232 226
425 926
982 839
986 661
388 839
5 578
323 875
21 716
43 582
846 709
421 93
299 945
75 279
25 399
325 81
158 910
659 935
836 993
774 174
655 163
13 660
741 336
887 114
52 283
48 251
992 469
344 291
766 771
923 791
522 600
225 680
510 884
616 698
878 742
872 885
257 885
897 999
574 137
465 626
420 514
229 764
335 925
408 102
696 683
245 218
283 470
251 146
355 219
844 585
961 717
822 219
954 719
570 528
208 35
507 628
901 736
745 237
662 505
691 710
188 936
929 823
407 532
969 114
751 814
51 712
531 873
283 485
944 853
366 153
241 873
133 494
609 230
83 623
735 774
334 923
63 263
99 822
147 68
288 898
882 339
962 765
564 246
603 508
451 969
13 44
194 147
539 803
377 622
427 465
749 113
388 164
376 839
986 875
908 626
773 142
965 735
908 881
981 863
389 785
184 403
829 378
902 368
533 631
343 312
96 444
425 837
608 153
676 946
28 584
924 801
727 889
537 987
770 870
850 511
655 386
266 837
764 520
557 649
152 900
962 248
696 387
437 656
541 114
954 569
50 878
723 777
767 612
116 889
482 318
753 490
704 371
679 820
892 236
470 396
137 784
996 185
171 434
842 64
548 796
634 950
27 357
80 146
969 196
36 803
515 141
645 571
512 324
744 756
561 566
152 50
350 149
235 521
583 429
586 483
578 572
433 605
281 513
751 602
62 139
757 929
280 403
852 145
79 596
253 640
162 406
42 864
555 630
738 490
59 676
325 989
248 758
594 881
624 698
483 38
837 592
967 470
995 171
967 75
768 220
67 282
626 110
499 533
92 237
375 503
913 700
493 161
811 439
394 787
137 229
825 327
821 144
797 817
667 116
244 435
336 663
70 315
125 569
200 217
158 576
721 71
628 566
584 439
5 978
578 495
207 755
822 28
251 971
197 919
87 793
706 775
457 776
90 582
697 643
800 855
571 873
278 199
439 862
991 796
840 921
291 399
677 113
428 928
436 977
847 523
771 554
299 228
682 741
162 732
736 962
939 307
187 218
859 978
80 202
775 273
123 66
672 800
532 452
729 968
782 928
844 553
834 495
133 869
588 295
601 325
610 892
984 797
110 843
776 543
45 903
816 521
321 840
321 205
645 402
526 427
683 370
980 517
217 113
738 805
408 339
482 18
232 467
168 694
662 296
237 60
199 405
581 872
246 254
78 891
657 604
318 340
974 650
209 191
763 948
348 523
639 831
894 223
650 62
918 312
358 507
724 909
913 305
781 511
560 859
754 569
463 424
261 789
74 470
332 189
770 681
712 410
512 606
985 514
20 255
826 378
763 551
287 28
208 421
539 120
280 645
689 96
69 950
885 143
773 218
684 543
251 396
953 115
355 939
629 727
194 455
106 309
358 745
337 919
166 228
39 799
225 729
895 294
31 780
789 804
350 473
348 601
222 653
68 577
944 697
656 139
505 762
800 863
860 490
782 378
70 174
177 296
255 424
590 286
557 380
443 907
853 143
861 427
796 281
356 741
979 13
232 484
775 32
347 987
874 482
718 945
8 895
241 263
672 831
901 229
563 696
488 769
839 701
196 636
983 553
729 962
566 961
446 693
345 145
33 220
979 751
165 339
998 758
954 670
589 856
899 505
904 740
274 744
441 822
380 424
375 461
738 293
422 536
987 119
34 372
691 13
123 208
705 121
966 659
792 908
867 43
413 772
783 39
516 225
861 248
1 589
709 92
882 483
628 221
602 662
593 646
28 68
854 733
190 821
744 334
729 612
729 494
384 513
533 900
90 394
500 443
335 209
535 218
44 164
791 998
178 385
644 558
805 499
291 995
672 36
681 753
0 411
247 384
276 780
636 718
526 136
161 214
697 49
432 93
565 575
91 743
312 736
302 118
587 945
113 611
333 147
364 333
910 611
717 186
743 705
256 621
193 417
835 242
818 619
335 383
195 427
479 507
515 133
625 454
78 91
65 412
590 781
97 500
744 167
38 487
872 294
460 66
63 648
308 882
267 996
617 814
423 96
322 290
229 299
744 660
742 161
424 332
942 521
184 686
688 222
525 913
516 337
331 580
985 991
814 605
987 431
419 762
528 93
52 109
745 148
769 487
309 193
172 603
715 356
641 755
579 166
668 447
504 999
379 841
991 193
446 330
625 218
93 505
663 145
614 408
646 736
248 307
929 772
911 996
128 552
104 59
71 124
507 575
476 886
768 467
432 215
149 57
433 242
914 448
740 880
857 738
616 457
45 898
229 308
246 709
213 350
769 284
827 628
211 303
866 979
122 298
546 271
707 331
514 973
780 606
854 989
344 822
446 389
72 27
50 319
88 263
21 209
547 848
837 110
151 56
89 273
354 636
897 414
319 763
387 99
369 593
88 65
416 886
806 840
265 856
511 354
119 533
563 18
733 753
128 237
161 570
862 515
558 111
281 877
874 669
977 243
614 417
660 382
304 467
223 921
323 734
275 795
619 191
813 705
296 294
294 457
864 156
324 774
268 606
651 494
627 980
90 593
398 750
976 54
217 199
975 893
933 603
688 905
146 853
610 794
499 904
251 715
412 927
489 32
885 493
527 864
473 617
458 223
719 434
277 289
633 605
182 918
560 222
175 58
427 785
852 927
41 455
642 454
734 132
838 620
977 365
484 450
334 942
674 406
728 303
695 713
908 877
984 820
451 159
878 878
945 82
805 338
889 800
792 624
284 983
596 261
348 80
711 35
375 385
441 455
41 488
169 949
365 153
122 816
312 352
694 609
435 852
948 676
652 92
652 936
75 248
197 776
681 260
163 408
998 956
863 39
444 32
340 161
537 462
329 850
815 375
811 602
227 111
278 231
556 283
519 983
531 716
111 564
329 274
972 327
582 836
366 378
220 706
539 758
521 220
960 336
596 771
290 175
235 920
407 791
203 926
126 87
995 238
651 324
512 624
3 447
460 369
825 32
427 717
790 948
937 750
636 533
874 926
61 461
199 820
604 402
746 730
489 93
968 141
769 833
117 772
280 929
493 457
961 273
174 752
573 464
502 562
349 728
840 410
189 39
230 793
442 329
524 283
774 844
424 544
677 893
668 309
822 514
119 784
139 293
536 712
109 390
274 459
471 115
869 660
506 452
806 948
781 682
232 555
526 8
451 556
902 472
217 724
986 336
508 125
982 396
189 91
139 816
550 610
283 772
622 789
576 428
90 357
110 322
264 989
682 68
545 936
540 762
661 878
99 521
355 433
270 544
524 409
712 427
371 995
551 993
785 127
774 227
836 236
549 452
225 583
520 770
520 412
885 533
290 336
54 645
769 676
542 645
437 254
72 808
602 975
154 739
102 280
966 290
516 867
743 742
450 263
512 322
28 749
855 318
85 262
316 854
938 858
500 376
464 924
536 66
900 42
805 354
322 123
645 839
990 388
933 793
3 797
115 31
547 971
702 632
233 18
487 523
228 339
251 44
263 140
463 515
182 620
222 857
744 867
48 734
607 981
527 962
778 643
346 325
966 48
958 551
418 797
74 998
136 326
394 751
466 857
619 0
478 841
857 574
708 257
308 667
238 188
629 17
183 975
342 501
375 652
52 793
449 126
143 937
804 538
689 622
747 660
975 225
501 184
151 561
442 812
228 680
0 209
697 535
185 392
36 912
44 88
58 846
566 201
783 723
91 824
345 839
484 320
416 337
505 568
898 947
380 126
979 732
336 29
267 873
421 655
137 817
95 195
663 661
749 799
384 840
975 82
31 812
402 448
149 259
368 48
558 100
526 890
832 214
919 451
439 340
106 577
157 553
772 173
214 521
324 951
714 299
33 745
111 787
545 613
47 913
13 957
13 539
847 197
106 118
0 545
458 458
474 968
11 247
493 226
120 817
177 834
468 210
932 932
997 477
545 396
391 558
706 756
449 905
954 907
24 306
805 834
765 279
802 776
878 647
2 351
816 531
537 285
93 469
217 443
947 114
191 690
24 897
446 825
803 752
733 179
59 890
13 176
169 168
952 400
815 307
751 632
838 288
269 284
758 486
727 57
952 918
747 976
816 545
153 971
650 886
502 61
776 515
237 298
35 189
698 203
848 449
835 687
89 456
971 847
294 50
256 246
968 3
574 136
901 727
459 551
966 961
964 742
829 553
392 864
94 90
67 943
891 254
982 981
710 305
180 356
355 437
602 323
792 176
460 693
904 919
596 870
233 912
964 62
465 709
278 560
799 346
503 43
952 485
24 15
142 556
371 497
993 326
172 138
502 984
831 758
256 780
980 489
692 297
551 510
6 829
70 805
527 925
200 832
762 224
199 904
133 570
401 126
248 573
264 751
558 448
861 814
580 842
655 624
139 558
134 145
387 556
302 267
481 503
451 595
79 650
499 212
572 252
691 821
178 955
924 88
755 785
254 335
979 909
312 118
467 446
615 206
3 918
825 836
773 276
432 852
278 283
65 851
536 108
672 714
63 948
802 171
733 56
858 65
317 170
183 784
969 151
342 324
421 168
160 194
444 944
398 75
228 815
926 764
923 950
478 339
898 632
510 983
40 720
48 357
891 584
141 860
735 835
536 508
3 696
702 800
641 100
875 869
916 153
985 839
103 463
178 353
447 40
336 487
761 737
844 4
673 337
216 760
172 752
268 528
448 970
328 441
422 555
662 690
708 647
530 811
110 60
516 909
453 204
396 214
941 592
570 966
281 786
726 806
890 994
334 690
316 14
132 739
921 794
781 629
442 663
792 904
76 308
814 529
512 562
95 806
507 665
772 140
803 851
946 693
845 632
383 514
998 515
605 919
662 386
900 456
50 692
360 126
352 526
655 217
441 102
375 300
767 499
440 922
350 387
615 548
371 350
62 370
218 667
641 880
53 542
336 455
586 48
933 939
927 940
508 720
42 235
20 161
734 460
83 85
199 50
985 571
401 47
941 619
714 934
851 119
476 539
927 63
939 860
354 866
801 214
586 843
449 958
5 183
419 440
620 618
491 605
541 892
652 834
863 718
769 66
190 245
605 117
660 544
329 14
763 130
580 701
974 29
660 331
213 431
771 185
401 614
791 943
858 795
129 73
866 898
139 56
496 744
525 156
641 854
523 756
985 103
457 311
133 469
994 698
900 117
883 654
84 26
949 942
174 78
16 40
329 155
448 825
252 973
981 893
179 856
649 516
960 458
179 445
928 173
143 180
643 378
186 727
757 135
669 931
566 37
971 895
545 419
720 797
744 53
42 923
262 43
792 222
501 971
19 781
497 514
314 492
244 500
219 1
636 240
932 554
278 255
449 175
26 169
972 770
574 14
46 836
57 838
410 910
161 429
692 10
295 358
502 540
858 721
541 846
314 826
400 944
81 849
119 108
370 91
230 297
457 276
133 866
466 896
128 980
677 820
990 973
178 845
513 389
918 406
235 232
232 636
528 666
837 647
126 208
90 356
505 899
985 990
765 803
886 894
783 564
66 126
889 597
971 402
338 889
160 573
474 745
561 2
411 751
2 889
959 92
245 816
344 582
158 461
386 397
355 521
313 774
999 202
723 970
956 61
212 116
986 38
213 900
40 976
651 42
865 610
487 111
778 831
693 288
292 431
685 0
953 350
126 952
552 201
275 860
262 839
977 600
877 542
500 917
519 151
312 384
113 151
847 243
334 893
532 978
324 569
330 629
920 456
934 824
9 209
685 623
48 14
224 925
556 724
194 75
228 858
812 341
361 659
585 695
904 469
674 581
38 356
210 310
165 144
135 174
705 172
798 753
186 374
30 742
450 577
170 678
435 982
20 797
993 957
844 250
778 870
831 168
227 41
479 744
538 966
918 243
138 68
349 324
442 379
418 893
308 588
923 96
922 295
245 268
252 89
870 382
960 701
551 539
94 30
283 632
348 553
228 486
622 577
162 416
308 580
661 617
521 585
65 795
880 310
415 485
399 285
867 711
338 418
602 433
800 237
65 148
791 645
986 765
222 148
533 531
81 195
500 954
780 565
101 660
875 517
145 626
154 13
690 493
783 292
278 584
530 343
84 673
989 71
790 563
571 323
446 4
518 946
958 298
863 412
311 738
281 808
717 435
821 407
280 605
51 558
541 933
254 625
606 595
696 748
158 620
72 605
624 942
903 935
593 767
347 904
857 628
712 574
415 886
333 696
843 385
606 384
318 860
9 277
807 58
25 966
678 449
923 654
392 178
589 337
945 288
241 155
268 305
81 36
543 415
84 386
152 690
122 470
903 132
747 710
542 125
676 220
574 951
226 318
130 168
655 427
456 248
582 77
906 16
113 449
431 197
836 583
239 958
405 142
442 505
853 984
630 881
556 556
185 783
875 315
951 882
94 759
131 29
836 37
45 301
486 476
850 674
411 90
985 816
584 779
673 789
764 303
23 672
212 208
807 87
875 110
321 321
870 452
350 58
841 395
712 680
223 562
354 634
4 691
803 941
471 476
730 587
132 753
611 344
313 419
783 540
529 104
862 751
557 212
162 398
608 874
430 831
788 785
818 145
828 621
86 651
97 816
590 581
922 202
925 587
973 708
128 854
813 990
606 722
202 120
472 162
994 903
994 134
40 812
279 868
785 717
872 882
534 462
816 808
664 741
395 637
450 523
492 615
865 450
337 68
570 809
230 916
64 576
402 104
388 682
325 173
399 197
408 285
659 576
445 324
317 841
313 119
716 157
734 582
607 423
2 529
585 232
445 649
809 848
754 549
882 431
75 633
628 835
919 639
411 716
963 80
557 629
200 626
786 286
208 746
710 210
275 295
794 73
944 955
273 50
857 155
481 932
140 461
119 411
101 882
128 416
314 37
45 514
663 184
801 871
282 863
433 557
158 228
982 102
183 255
505 40
762 986
324 903
448 795
666 901
29 794
317 344
832 715
210 495
899 363
719 533
226 152
442 384
380 425
839 916
32 344
956 147
682 633
402 482
428 68
383 810
863 701
154 47
416 364
894 667
728 613
200 954
766 642
691 498
419 530
414 804
874 723
951 556
708 353
39 136
421 774
946 636
475 452
35 243
817 930
262 897
543 814
203 661
809 894
160 580
424 926
384 650
1 335
559 709
40 598
198 814
372 496
450 200
949 486
795 118
416 410
367 311
224 570
973 385
817 485
966 593
763 350
244 117
686 803
826 78
753 376
892 477
873 343
29 174
181 825
644 949
587 11
612 811
933 585
197 750
422 163
696 538
865 940
655 903
95 833
982 200
210 874
29 435
569 59
609 750
236 253
51 823
616 664
986 549
601 535
652 376
50 348
914 916
288 921
819 735
754 801
287 964
28 316
751 597
375 360
700 963
965 751
138 581
767 125
131 369
660 783
97 711
131 11
979 771
932 798
858 38
952 145
355 332
461 106
929 189
467 629
504 432
733 643
366 500
120 497
221 780
632 318
843 115
681 174
238 965
325 96
4 629
593 359
961 406
817 890
595 636
872 452
421 605
95 787
457 215
636 679
347 268
349 543
735 31
69 973
996 394
421 352
23 14
63 984
420 881
227 368
517 99
820 938
704 267
77 161
834 713
192 533
981 542
428 68
925 498
41 921
892 814
626 916
828 41
252 601
274 479
321 144
578 493
434 634
112 512
148 946
225 340
831 559
882 260
627 807
110 21
81 2
835 59
270 16
100 875
617 727
354 290
871 285
783 305
919 247
817 67
193 395
760 376
954 994
988 933
154 98
954 587
453 790
646 75
806 98
950 775
825 305
417 48
590 200
354 861
447 523
281 992
270 41
720 224
35 709
510 189
807 464
776 260
606 774
336 764
873 638
891 50
943 308
99 885
860 805
99 659
328 380
3 599
421 724
175 456
433 37
998 592
854 774
205 460
901 893
577 774
531 820
176 827
129 275
712 989
80 811
1 761
543 4
712 964
728 887
773 513
925 771
458 131
897 663
591 798
556 520
924 439
341 101
266 822
728 331
163 161
494 164
922 38
521 634
354 601
873 127
115 150
250 573
281 500
588 225
650 496
97 575
935 438
28 554
260 108
885 424
269 731
940 543
121 461
177 476
63 403
955 178
905 206
103 539
58 691
764 708
187 861
635 474
652 663
28 264
772 265
40 393
997 981
937 118
442 466
946 505
869 902
35 127
460 490
666 518
533 782
226 72
643 862
547 647
877 927
912 1
193 952
395 542
933 684
660 728
150 959
585 372
861 621
499 321
463 165
191 997
947 769
69 942
631 968
590 861
896 854
862 441
158 609
983 444
293 995
172 796
954 757
168 167
730 667
840 194
184 31
191 131
801 612
425 784
581 367
645 829
221 860
270 732
821 253
176 467
248 348
263 555
457 431
722 188
450 563
382 634
946 925
117 747
537 894
884 470
262 881
651 835
93 921
567 915
526 743
734 127
443 997
682 901
780 756
441 582
319 175
216 618
100 685
717 989
579 601
812 193
483 463
29 928
385 948
843 911
44 929
38 487
278 72
740 58
829 181
992 500
708 208
118 808
245 188
150 177
789 962
370 624
777 751
553 514
700 748
778 744
678 168
583 956
241 676
367 422
209 359
922 918
920 393
726 165
581 228
694 722
542 65
699 320
816 252
834 516
352 612
612 30
781 196
339 374
224 58
796 433
417 70
351 337
463 430
855 396
658 549
119 201
966 170
521 783
422 707
651 126
672 616
509 805
164 848
179 388
906 327
821 675
397 173
365 213
603 572
961 261
473 80
814 440
250 687
575 24
395 578
503 419
194 12
224 358
212 755
98 470
434 920
145 831
445 510
396 400
82 358
13 908
790 828
348 393
515 275
769 262
853 272
681 400
284 257
110 496
364 209
966 798
481 464
630 278
974 378
678 409
736 691
317 879
519 17
272 387
292 41
1 497
314 35
249 950
292 360
447 657
921 765
807 754
229 437
32 556
168 710
965 904
401 634
135 273
3 407
12 295
801 365
144 467
400 394
417 45
106 216
54 27
982 861
781 563
651 165
119 819
875 436
75 628
422 211
253 425
970 617
72 771
983 217
590 383
963 8
780 69
576 834
448 558
48 581
474 699
746 945
870 621
382 297
601 156
508 855
582 831
472 6
954 807
223 545
543 538
553 323
959 129
510 407
40 558
988 866
609 86
811 831
707 545
128 661
702 989
868 636
820 340
642 126
500 218
671 43
756 576
718 716
58 228
475 450
138 464
316 99
902 479
930 610
25 59
623 79
400 491
715 572
183 709
698 683
927 370
726 36
298 445
104 356
25 579
806 164
395 122
263 298
954 546
260 979
957 883
410 357
374 125
929 557
186 627
593 114
349 319
502 648
116 606
4 494
185 163
658 581
637 273
231 591
819 491
570 776
374 980
485 100
457 414
657 644
394 250
110 743
922 612
743 390
218 748
884 755
911 894
336 900
168 919
492 339
410 62
468 136
395 953
236 204
368 246
200 762
848 310
857 122
274 601
865 492
701 749
248 964
644 936
864 164
856 356
503 618
771 323
107 518
277 695
722 997
941 923
759 142
585 968
616 860
921 481
704 622
583 304
938 227
241 803
743 449
511 598
419 282
922 526
152 199
222 875
196 515
150 307
9 87
627 626
947 549
107 4
171 690
308 462
269 901
265 364
350 776
963 122
411 237
0 563
788 222
790 336
90 292
995 99
732 622
725 679
523 185
35 47
227 344
509 497
245 774
213 948
902 528
70 313
765 70
229 553
645 371
241 735
16 236
834 748
211 912
779 734
97 815
781 324
159 290
173 404
64 387
704 319
915 774
632 33
197 213
938 842
937 180
929 953
416 763
701 979
27 480
714 124
295 495
801 454
786 974
211 850
713 915
169 981
42 154
14 591
719 304
785 656
484 714
609 253
829 662
232 857
143 946
333 790
442 134
597 580
461 808
782 526
75 304
507 469
458 873
60 529
178 197
538 14
911 499
619 93
162 852
302 657
150 635
447 944
122 44
524 935
204 307
461 632
611 969
101 421
194 514
302 724
63 840
739 327
340 358
420 502
562 74
159 713
61 606
9 183
3 534
470 207
193 932
839 156
253 293
929 447
159 231
172 222
72 263
549 412
973 321
266 536
395 777
601 457
735 610
992 738
496 463
946 41
747 137
197 0
782 478
447 941
710 971
164 134
586 65
546 560
387 164
448 782
941 49
591 676
11 936
767 860
751 65
901 498
202 451
498 985
929 297
278 991
621 442
125 207
860 23
119 247
187 567
381 480
616 325
509 980
261 276
840 12
341 93
510 895
896 360
232 178
657 511
169 278
305 647
486 165
670 605
764 210
525 146
690 141
471 551
473 84
179 665
96 872
111 958
768 7
318 352
537 975
863 59
606 521
706 92
686 376
49 451
586 574
949 629
68 420
532 893
504 712
559 952
584 670
910 704
29 580
57 567
555 920
626 161
441 684
605 480
60 7
931 999
581 232
980 1
652 512
895 508
224 806
812 161
476 722
865 857
302 922
776 209
843 754
723 636
438 328
116 851
687 399
850 621
631 830
622 635
694 869
495 271
675 307
432 503
381 297
713 35
220 489
245 415
244 320
51 34
0 520
885 688
271 735
309 903
917 283
890 964
153 386
235 180
45 667
684 427
964 749
462 536
238 59
951 834
379 355
869 732
227 754
420 498
842 81
753 111
364 996
75 517
382 662
50 427
329 86
206 646
835 669
534 73
80 838
908 812
545 129
544 772
235 964
622 77
397 376
541 761
372 968
631 106
631 681
885 312
767 92
958 954
113 845
27 545
683 287
357 228
416 901
352 652
217 974
81 614
702 622
728 74
943 359
532 574
392 770
886 511
214 197
465 327
42 844
224 77
132 582
657 900
483 9
904 53
983 986
19 686
960 747
112 903
106 997
829 850
767 68
361 981
265 826
660 659
671 884
88 155
466 745
55 302
754 312
707 89
298 726
775 610
474 240
866 932
237 695
783 4
763 496
337 380
323 349
39 346
233 479
853 52
224 260
706 330
572 413
420 870
139 547
833 965
787 699
898 24
746 681
380 510
177 717
242 852
66 634
550 652
113 403
56 338
664 762
668 588
527 440
811 666
988 644
984 775
695 882
152 441
563 532
303 92
602 546
297 20
180 847
24 293
603 80
983 619
194 4
207 721
796 18
740 784
14 724
912 709
606 64
503 521
948 806
965 902
704 262
275 236
110 299
882 65
732 865
684 926
221 243
0 18
262 740
154 628
816 66
338 774
482 193
295 783
351 612
685 56
875 312
292 337
612 174
402 696
392 86
622 965
329 622
983 943
714 138
572 882
556 262
656 39
455 303
822 806
916 859
214 791
172 859
480 136
33 882
832 777
320 806
743 1
781 726
945 495
216 869
730 773
483 386
164 290
42 338
448 958
549 15
101 721
874 581
209 907
815 41
685 135
848 780
136 981
506 433
476 75
654 558
200 489
945 364
779 339
54 580
649 603
595 750
677 469
683 886
728 498
280 765
985 480
545 121
461 404
907 289
479 561
848 679
51 145
395 182
484 801
762 133
404 357
235 433
178 270
320 907
768 952
672 753
432 218
226 893
974 133
182 453
47 382
484 98
527 231
280 363
32 395
496 788
104 83
222 283
353 894
542 473
846 566
226 278
136 805
523 110
290 57
563 337
440 47
435 967
278 68
683 662
463 179
451 919
263 673
202 968
567 96
442 765
663 20
395 799
825 918
910 116
327 825
805 767
225 241
87 855
661 770
518 476
301 969
395 916
994 950
885 913
398 327
30 61
699 425
213 525
695 123
993 22
300 150
142 525
743 229
381 404
351 251
232 652
572 628
921 566
930 806
831 328
485 861
742 184
286 955
61 333
430 406
355 730
557 497
256 300
78 989
57 429
592 289
434 164
269 355
82 199
513 913
880 998
126 622
534 764
577 596
97 7
354 452
89 263
302 345
564 380
686 973
162 278
262 596
794 532
951 876
83 464
141 963
814 267
937 348
31 514
296 128
873 3
933 963
266 235
660 182
967 699
155 129
329 770
725 124
302 28
352 737
844 494
53 10
761 990
711 793
857 7
273 730
362 206
45 981
441 706
163 409
757 319
890 86
441 616
210 743
996 563
832 841
409 885
203 170
876 914
315 85
274 589
815 636
795 213
617 589
919 133
350 676
804 240
114 245
208 325
988 557
240 820
750 649
58 953
171 286
868 487
371 142
428 186
778 575
399 748
516 670
881 218
698 685
459 813
930 19
490 270
576 82
442 326
83 500
280 606
138 500
445 509
642 873
696 772
801 447
520 317
470 753
536 520
790 347
333 720
718 175
342 295
609 137
973 692
989 605
299 128
105 744
637 747
970 685
520 771
485 392
88 955
498 976
475 288
323 161
361 42
688 55
689 298
192 14
342 182
620 993
310 725
738 299
825 708
985 345
831 470
89 271
777 587
248 604
228 923
117 589
317 806
644 6
456 189
21 798
371 993
792 33
718 882
332 543
942 669
240 773
139 330
44 268
269 644
873 849
568 990
438 237
148 435
244 956
624 617
755 347
610 899
732 680
133 416
224 75
86 464
200 577
146 596
846 768
241 71
617 161
413 408
398 914
195 994
870 171
963 625
870 573
876 602
254 9
18 830
436 456
646 636
386 793
233 232
913 826
655 882
339 68
290 89
982 837
84 853
8 47
830 878
973 59
832 579
68 203
409 505
659 55
493 397
200 726
629 113
904 636
996 243
705 638
333 39
476 769
244 836
168 427
715 141
486 899
720 906
102 481
411 114
537 257
511 89
335 493
203 240
129 551
835 186
541 520
578 17
641 822
206 810
249 273
303 87
172 376
994 627
857 757
741 746
14 604
836 350
97 391
942 579
942 777
117 835
650 695
205 291
870 411
453 471
684 757
559 208
133 553
835 990
662 928
89 677
533 925
379 982
316 321
913 610
450 31
445 100
78 2
744 948
413 197
420 449
954 331
658 87
236 493
430 898
774 519
575 307
796 954
641 112
627 555
74 78
938 871
178 16
874 922
965 639
472 737
441 426
420 99
866 656
944 296
554 718
167 482
377 963
788 19
427 416
926 853
494 864
724 24
880 950
299 197
942 771
286 383
197 706
834 63
362 778
711 269
849 878
751 226
193 539
597 620
955 875
473 449
739 550
826 972
852 125
521 146
896 808
529 93
866 715
509 229
494 220
498 695
451 601
273 644
140 871
617 96
98 442
897 838
344 723
162 549
848 683
695 96
843 577
190 710
292 51
291 138
271 141
833 74
742 107
71 234
330 688
682 428
482 932
618 827
655 780
376 856
816 71
952 11
0 494
73 293
545 716
431 169
209 265
595 303
724 666
538 54
354 220
834 189
152 453
16 160
585 392
368 753
815 672
765 168
167 190
461 64
907 244
585 116
861 181
420 585
847 958
991 554
530 826
743 35
279 759
547 216
503 915
970 670
587 87
190 754
277 3
171 184
248 756
301 461
937 73
47 137
383 390
691 913
216 786
300 847
897 847
64 752
762 386
774 350
473 965
456 750
968 627
287 568
736 940
30 673
13 429
162 396
819 205
309 388
991 962
235 888
809 651
640 572
389 415
274 862
732 730
965 700
710 252
269 446
192 651
471 557
80 986
953 251
191 614
639 183
576 227
71 386
878 64
310 268
831 584
482 563
666 447
615 376
51 236
174 595
887 998
152 967
984 457
571 527
72 210
710 0
437 134
738 668
550 48
288 381
984 770
296 651
570 911
379 973
500 906
569 387
904 73
707 240
531 278
767 955
488 830
307 278
964 46
298 866
446 586
599 431
708 895
82 278
158 461
604 658
367 173
46 623
598 105
215 481
383 335
788 223
165 96
501 481
494 799
347 940
737 946
723 446
193 805
76 703
619 680
362 338
205 760
314 804
865 529
637 600
864 426
823 381
874 677
862 368
828 561
660 566
859 384
364 404
541 440
108 512
121 470
851 326
582 517
482 447
46 120
47 263
546 222
644 420
899 859
140 728
772 800
646 984
536 10
388 430
450 496
942 923
318 145
250 900
662 732
699 709
204 98
324 750
321 968
522 572
179 14
300 952
167 298
936 703
308 676
485 759
173 428
682 843
925 284
96 588
369 147
649 573
246 973
676 919
293 550
491 473
565 144
777 84
442 65
139 751
741 625
862 266
405 896
110 330
533 206
270 902
353 919
827 951
244 855
870 890
758 714
715 323
858 492
759 300
909 898
403 650
523 617
917 280
866 379
611 399
585 881
653 290
153 480
594 749
688 464
639 446
178 354
121 388
198 880
689 107
778 444
110 654
62 27
934 928
406 897
679 343
779 332
985 284
164 579
33 852
396 673
650 926
379 771
315 578
3 356
37 134
152 147
140 566
526 74
846 932
324 525
627 103
209 613
739 374
544 772
578 292
797 229
219 177
352 886
107 356
594 144
842 746
644 982
313 170
408 511
455 732
37 82
187 246
47 926
972 592
51 903
236 848
132 455
25 836
693 132
544 287
629 386
386 273
368 51
443 777
562 898
861 951
333 49
550 380
975 522
324 378
425 561
227 909
368 252
98 62
737 642
701 718
29 87
991 749
138 786
878 701
37 740
4 370
141 554
102 116
77 779
847 854
692 74
116 60
678 214
474 767
856 176
485 237
615 828
339 754
967 217
807 4
309 811
726 450
366 180
919 795
959 766
1 3
840 117
64 870
331 890
638 540
418 123
129 34
304 468
140 271
38 299
627 347
462 705
150 180
885 421
975 197
187 329
200 379
446 616
249 778
507 239
670 925
715 799
311 19
268 451
642 658
750 269
5 565
974 507
745 211
928 73
408 467
402 961
198 848
577 448
978 436
39 648
714 754
800 25
773 420
477 415
78 579
36 435
496 10
943 242
574 223
315 982
691 69
295 889
917 225
689 248
661 729
248 375
835 48
753 609
468 582
376 546
161 413
982 10
775 277
252 349
500 919
684 543
988 331
433 257
556 474
857 218
555 106
945 391
506 698
352 975
280 728
873 794
493 207
804 621
836 408
322 689
327 358
232 667
690 17
276 598
492 134
168 399
240 114
790 98
164 142
73 797
223 299
591 68
858 747
689 695
155 364
384 834
722 616
853 764
986 129
363 830
263 531
229 855
997 20
954 162
514 379
311 737
30 902
158 889
1 847
936 508
211 320
342 286
288 195
402 626
676 765
456 940
649 686
147 646
58 453
160 572
833 471
662 215
725 820
104 726
19 40
586 583
712 928
221 353
475 623
979 152
389 436
444 390
474 591
36 884
45 549
808 230
372 470
445 98
642 902
176 14
294 115
597 7
43 170
712 871
793 691
23 534
479 819
924 305
410 313
189 807
862 998
389 586
820 835
36 815
89 565
829 383
680 778
742 75
948 454
946 741
498 321
276 329
140 552
635 903
865 176
710 727
174 452
666 347
639 702
162 728
267 343
111 947
473 854
23 421
308 321
514 806
643 142
488 783
695 123
686 560
299 749
640 826
201 306
173 840
8 687
568 628
30 31
575 503
885 950
276 546
272 142
704 915
285 192
50 980
667 89
540 967
838 532
145 391
838 670
231 199
357 151
827 739
182 754
594 420
57 222
966 681
364 670
948 649
215 998
981 882
87 874
201 277
406 346
668 597
16 899
148 725
402 975
816 585
81 410
357 490
984 323
171 349
345 119
350 560
470 332
795 909
206 996
187 964
343 855
561 711
107 709
437 509
36 253
446 470
16 803
960 0
478 484
701 176
955 52
88 425
384 883
335 590
880 522
906 575
729 468
286 836
529 75
346 566
681 144
36 697
948 348
49 778
184 751
954 140
803 43
917 539
278 252
481 510
126 387
85 856
855 724
692 385
799 390
303 832
535 691
881 835
391 931
965 576
34 272
716 189
667 633
728 945
238 561
456 716
948 893
572 156
617 617
893 769
359 548
601 246
239 483
433 982
766 751
558 800
23 626
341 690
260 69
635 850
982 443
566 282
337 491
790 954
460 35
723 171
583 677
418 174
160 203
157 926
954 715
726 977
342 67
667 954
488 655
156 822
98 722
104 787
565 895
742 377
930 817
549 866
494 967
392 6
522 549
932 477
617 10
806 311
429 474
265 269
481 421
91 931
495 548
719 413
795 813
790 77
630 339
943 477
658 336
483 533
237 768
10 854
778 816
165 560
642 782
829 475
555 921
407 403
821 478
816 616
291 958
693 273
650 637
102 660
325 586
193 562
706 203
769 484
372 934
44 366
717 226
842 624
499 601
27 320
79 195
936 370
154 629
995 804
618 98
464 943
36 10
858 742
213 627
578 937
561 975
656 630
201 498
607 700
99 634
20 530
830 956
252 336
937 247
492 556
345 308
851 733
318 709
475 884
336 54
821 250
29 477
232 230
327 839
282 778
474 302
308 656
610 912
344 547
160 836
103 857
144 955
591 463
16 418
699 353
472 872
955 853
702 187
435 29
379 717
160 205
19 820
861 981
733 205
529 245
393 984
102 537
291 45
352 308
464 403
13 288
276 320
142 978
507 577
359 238
647 871
443 18
692 304
0 777
861 529
22 254
865 476
144 157
522 848
817 338
252 830
626 528
150 120
858 9
698 569
248 697
441 691
715 485
348 715
262 561
596 284
816 462
760 312
971 634
160 788
972 764
970 599
644 472
71 854
833 769
424 81
818 865
125 534
350 825
249 964
386 198
248 554
12 8
218 983
995 731
123 967
495 445
918 140
269 990
346 102
111 770
536 930
987 661
464 689
838 65
653 224
263 901
131 627
262 349
610 609
80 85
576 576
882 495
68 151
837 414
254 948
537 790
878 524
803 694
566 641
760 219
217 375
473 348
3 87
50 965
696 130
403 624
58 285
471 126
437 308
893 43
257 782
185 487
306 988
182 224
981 294
796 550
21 621
251 24
60 301
342 108
431 745
732 490
382 204
968 171
512 213
566 121
995 751
609 654
91 791
878 72
437 26
975 458
647 226
835 707
527 177
815 310
274 548
800 8
104 121
180 968
686 746
90 682
850 699
688 941
842 566
366 631
945 341
89 592
567 924
652 446
101 467
756 727
367 909
736 471
30 268
792 716
366 882
750 216
933 438
158 127
357 524
758 302
865 847
246 784
772 898
230 225
366 986
305 85
895 41
909 277
309 701
346 675
583 96
244 516
535 402
643 244
278 401
546 143
600 792
279 372
691 509
950 409
847 255
494 743
648 403
372 309
104 718
336 39
815 580
555 702
982 550
946 612
303 844
755 256
636 386
628 679
895 930
88 95
537 583
190 185
338 562
494 443
281 831
482 448
763 390
150 98
292 96
710 948
292 466
204 928
204 184
960 100
467 48
195 4
983 385
190 322
299 36
117 580
219 951
380 983
693 530
81 338
978 791
286 270
609 842
551 814
26 511
266 493
559 813
850 895
550 392
569 849
428 686
782 0
989 162
983 683
45 416
21 23
207 659
646 169
501 197
983 527
60 601
373 971
414 223
866 964
615 435
165 395
473 299
395 463
462 730
498 507
146 519
882 354
178 528
523 31
77 858
558 137
459 283
109 225
858 327
541 825
763 706
221 588
6 968
403 820
699 901
679 845
772 561
551 950
442 426
981 871
636 892
361 447
527 822
672 386
149 213
211 264
272 784
853 630
105 256
450 804
510 481
1 282
394 905
585 188
683 918
60 320
162 773
767 690
595 792
428 744
5 639
9 629
776 214
259 881
822 61
37 332
894 390
967 289
295 552
477 979
822 889
651 985
662 770
675 609
562 103
354 920
94 715
901 222
281 161
103 103
574 492
788 469
883 107
110 530
659 587
861 481
829 512
818 843
635 493
453 197
948 807
469 395
874 371
617 155
884 73
610 810
565 750
631 448
857 741
331 868
681 192
702 510
705 520
353 340
366 806
889 314
965 711
61 839
82 679
346 318
752 957
128 317
59 760
118 917
853 449
785 534
641 839
44 698
360 398
390 726
556 632
392 522
343 454
361 777
485 60
447 237
17 575
906 76
687 376
345 541
177 483
427 171
322 472
221 34
222 612
112 778
596 505
652 939
311 14
68 796
74 515
385 443
442 643
871 130
20 569
23 197
52 450
720 726
274 942
113 496
554 225
627 150
730 279
441 393
645 509
189 71
376 926
866 818
570 738
948 590
659 323
139 63
126 860
789 400
154 902
249 708
480 876
210 562
507 3
956 153
864 497
224 240
424 443
58 346
181 359
288 840
34 779
903 160
639 44
913 145
299 162
853 131
390 415
693 897
770 649
402 634
147 979
874 923
422 285
269 955
644 909
147 678
688 402
191 680
446 104
825 97
618 31
228 8
446 922
257 217
923 660
203 422
991 430
697 413
715 318
368 711
227 515
741 916
917 932
596 715
36 421
165 654
452 745
14 251
19 272
820 943
284 23
717 275
805 415
40 520
733 408
583 961
275 325
229 544
257 825
611 646
598 776
652 51
874 667
654 893
291 474
188 927
849 906
554 655
321 594
527 406
354 111
367 981
436 596
525 45
773 136
691 372
265 344
775 139
363 429
32 654
255 573
933 456
479 487
111 152
81 991
558 787
102 926
768 890
874 293
935 648
781 627
372 46
323 147
537 686
928 922
692 183
495 625
639 974
464 103
126 545
446 684
684 900
962 452
790 189
745 77
837 878
704 209
277 379
708 814
65 636
88 109
171 583
734 162
909 198
265 387
95 63
424 779
963 386
583 753
575 328
831 764
559 887
325 836
267 385
2 684
21 91
794 544
26 880
707 936
431 324
323 878
388 747
10 351
486 593
457 413
274 288
178 833
527 855
21 146
241 23
831 614
466 977
159 493
857 866
429 640
542 752
519 930
852 529
634 338
122 91
103 396
731 281
229 610
489 602
757 730
626 940
344 92
917 855
585 126
73 366
767 616
471 638
898 323
167 532
13 641
975 116
38 58
750 619
669 239
222 426
321 200
366 17
644 635
873 582
761 946
948 880
914 419
518 813
94 37
697 459
679 673
576 717
83 678
688 752
269 262
178 942
462 896
959 459
531 184
41 293
131 341
173 45
761 44
210 207
81 908
667 760
933 595
829 16
273 870
769 894
132 299
836 947
196 147
406 727
332 799
372 463
140 898
860 253
942 71
461 23
331 128
136 264
75 965
632 348
835 401
594 320
701 430
267 249
577 25
976 909
824 349
724 316
247 937
570 541
8 31
916 339
511 52
955 586
370 587
286 557
341 880
877 42
662 496
291 591
521 619
501 697
320 577
14 567
514 584
460 874
967 377
565 830
429 520
416 799
460 54
357 801
934 234
195 948
731 838
539 604
457 392
302 778
970 668
697 484
604 158
711 571
535 276
401 964
149 169
116 609
575 825
410 861
59 957
809 142
795 348
99 604
741 753
382 63
421 432
899 25
590 610
948 477
239 701
793 388
222 909
997 797
734 759
658 146
716 819
640 863
167 739
467 260
844 850
675 265
634 575
642 224
537 942
53 776
995 846
164 217
756 513
366 842
272 376
988 340
195 629
203 715
720 671
975 565
873 3
182 507
930 177
83 467
119 136
596 467
334 760
36 90
626 403
933 898
779 273
591 327
254 794
42 975
817 369
892 42
372 74
901 302
603 336
122 723
824 718
542 159
830 578
249 456
981 534
707 113
160 650
440 414
796 482
741 614
851 633
8 576
60 910
878 663
246 352
738 71
70 280
230 253
859 831
709 192
718 768
657 878
418 449
644 215
283 386
181 487
371 189
63 431
451 293
447 698
646 185
121 68
818 703
321 29
886 383
221 956
503 231
186 274
680 831
841 964
569 22
451 940
563 514
724 15
159 171
713 805
708 186
874 526
889 547
555 127
930 129
84 786
360 270
60 392
101 901
356 670
275 807
963 838
673 687
853 833
210 918
990 918
104 216
445 345
116 352
473 398
833 909
184 193
179 244
586 633
145 294
655 420
454 618
611 127
657 464
312 867
735 655
786 191
871 583
889 987
287 714
386 121
623 922
666 802
167 604
435 664
899 91
437 353
61 48
832 719
864 497
938 951
152 76
143 375
659 32
715 299
746 453
772 369
375 438
523 894
395 959
911 294
402 700
999 463
100 183
534 964
680 473
916 184
549 411
912 561
795 979
860 541
784 984
262 159
422 785
406 817
96 669
463 498
369 814
314 469
998 848
785 30
321 53
567 871
464 831
432 259
810 644
152 594
628 414
105 402
552 863
572 648
532 387
499 901
202 813
370 552
13 508
934 335
561 853
558 26
684 342
637 846
338 790
440 966
556 898
720 108
761 292
109 646
32 960
547 234
125 270
138 138
778 72
825 339
278 383
717 962
77 355
809 415
497 601
733 53
851 454
514 613
98 975
611 130
935 158
716 60
780 206
550 558
279 376
250 909
759 967
871 189
674 32
604 171
986 338
577 837
144 443
802 242
770 413
725 705
572 793
117 704
0 667
263 631
395 865
540 507
184 763
696 859
796 300
382 782
990 959
619 486
754 774
81 524
187 806
581 111
951 50
816 951
70 431
934 465
296 474
972 480
590 668
691 386
321 74
520 663
33 491
150 140
265 231
664 453
389 246
916 692
296 732
996 366
163 930
184 811
757 156
292 347
177 983
85 850
409 605
513 795
96 15
935 714
598 599
167 339
197 83
32 846
168 28
564 331
958 748
495 715
257 139
414 434
474 499
284 884
104 149
679 553
165 614
267 115
565 786
455 115
221 487
961 389
867 877
73 825
626 568
893 883
59 307
669 533
159 305
417 263
454 448
168 971
62 435
87 980
573 894
447 795
381 408
536 248
637 961
425 263
881 670
498 940
330 519
474 489
824 891
104 279
692 273
602 754
60 41
86 986
935 533
781 668
293 669
268 931
631 694
546 512
716 397
453 46
916 279
887 741
170 992
372 862
617 974
969 29
16 407
15 303
293 148
972 938
170 240
869 801
286 768
665 3
165 118
401 433
397 289
174 920
633 898
134 250
225 455
631 241
215 999
896 508
499 868
446 669
109 668
822 747
436 488
750 953
958 152
386 708
441 913
628 426
811 114
28 36
922 659
629 137
10 526
997 510
746 795
531 207
815 354
955 251
194 705
556 152
209 295
860 2
560 840
428 723
307 456
112 581
468 741
70 478
619 67
340 718
214 224
925 30
930 880
633 124
938 190
628 147
837 489
150 397
681 930
120 340
387 232
921 207
326 991
685 297
410 378
15 625
602 293
655 532
173 288
8 111
830 636
611 19
477 113
416 159
43 889
851 782
121 773
989 799
764 27
449 175
757 464
800 711
757 807
243 283
447 603
746 278
239 357
297 69
470 66
580 866
955 431
0 428
204 342
580 321
369 29
496 478
845 648
189 955
807 784
238 254
387 336
884 978
694 534
47 516
600 627
382 907
411 735
687 615
77 267
936 798
648 784
276 494
784 817
801 591
601 39
198 340
727 82
318 421
616 718
938 568
697 672
827 108
407 867
724 836
134 12
634 135
149 262
629 933
79 430
877 680
821 75
372 548
509 691
322 478
761 612
46 458
636 226
567 396
93 643
232 579
7 219
714 156
481 695
442 561
477 319
593 650
746 966
551 255
9 873
733 770
837 132
228 473
710 147
869 803
790 454
734 798
673 449
306 154
496 748
67 974
419 661
624 517
979 175
125 988
400 210
110 237
342 338
63 404
838 284
559 628
90 294
778 763
95 85
270 591
185 689
565 605
702 542
122 681
69 599
21 470
810 131
59 504
822 474
909 660
759 468
640 849
114 419
965 209
856 587
801 41
276 366
998 979
260 473
660 330
72 34
800 882
165 211
387 987
686 648
999 797
116 640
998 231
411 315
440 619
902 593
660 179
312 11
510 572
484 522
902 556
556 54
791 722
618 178
61 656
826 413
805 294
53 803
877 816
471 670
435 373
263 447
904 575
458 414
500 294
289 402
203 845
809 994
567 427
524 981
83 702
394 888
348 799
43 226
615 514
896 402
240 511
201 496
439 12
263 939
306 552
693 861
397 502
855 317
281 731
650 364
433 44
604 134
843 0
360 810
866 608
564 106
119 765
955 910
129 218
849 436
770 543
297 519
397 505
836 679
588 486
395 22
882 352
508 77
352 868
239 218
828 803
677 947
921 984
210 50
202 59
838 324
954 488
843 352
345 32
383 933
518 130
307 753
482 815
830 834
35 70
405 863
225 434
163 498
418 373
549 972
432 739
296 739
227 491
443 924
523 826
858 394
956 165
147 791
333 329
625 368
399 382
232 977
168 395
475 586
768 376
558 552
116 206
291 695
698 86
620 221
912 478
967 221
995 114
12 328
444 989
697 195
724 929
172 892
324 0
479 444
376 389
996 492
948 640
188 646
726 808
219 991
638 539
564 633
5 576
314 801
917 11
997 641
940 521
886 616
521 717
412 250
458 408
742 406
400 282
404 127
442 976
118 80
515 34
66 520
610 380
322 879
743 671
873 35
544 759
651 66
476 415
316 934
823 410
693 576
693 97
703 487
73 173
920 940
207 986
813 169
718 135
400 461
158 273
496 702
32 499
120 860
914 788
147 89
199 840
665 244
937 720
83 363
245 3
303 804
989 116
973 59
603 726
520 113
999 368
816 384
219 288
244 133
77 743
575 628
583 592
224 521
313 307
236 910
663 891
715 652
8 40
64 963
766 936
429 118
305 597
502 524
885 98
10 314
842 585
942 425
177 518
298 842
178 534
105 841
426 820
845 786
212 909
101 979
846 530
449 503
127 951
379 365
401 389
679 243
326 974
21 856
844 319
50 22
206 155
863 632
975 61
770 540
322 223
871 168
754 320
23 233
271 403
950 24
144 630
268 471
956 289
327 800
960 377
175 166
533 390
150 860
451 272
400 774
496 271
294 602
591 670
187 214
425 138
239 569
120 859
40 428
500 719
580 460
449 755
979 334
498 481
546 301
106 299
427 602
570 74
556 514
744 743
80 169
233 671
738 353
530 131
133 382
202 714
195 651
821 526
337 319
7 884
621 465
183 48
419 105
474 975
971 218
71 404
739 656
75 830
10 958
313 495
340 515
209 535
519 31
61 856
702 421
92 323
238 275
724 658
733 550
985 704
769 408
108 860
65 536
690 427
494 3
922 186
519 132
74 390
515 487
598 217
260 691
893 499
318 969
509 403
519 494
108 640
903 568
501 968
456 191
395 950
547 669
489 418
801 563
808 668
50 406
238 311
449 131
162 120
452 671
523 971
165 983
964 420
552 465
388 8
8 135
311 555
805 800
973 958
715 133
979 765
892 217
428 341
700 590
461 152
261 337
475 779
320 439
199 224
904 940
585 913
75 248
820 232
48 794
543 763
279 522
880 171
91 309
513 791
251 326
295 513
15 770
292 336
210 843
912 466
783 497
731 211
745 904
795 145
698 338
260 329
212 141
501 303
802 366
94 53
692 741
918 60
512 562
396 74
406 308
892 189
158 976
752 903
880 548
401 930
238 661
259 451
154 760
106 956
126 553
362 171
294 280
231 806
843 979
232 601
639 125
790 797
101 895
53 333
443 806
263 33
467 522
484 974
283 591
282 761
144 644
932 438
277 515
597 120
494 829
721 486
306 863
283 759
110 688
92 905
494 355
939 314
230 423
288 865
366 570
626 862
567 911
301 844
426 250
316 273
431 389
759 738
604 394
849 715
83 942
620 929
649 559
243 879
335 531
96 701
454 723
564 21
634 217
217 60
819 533
685 250
922 444
340 878
839 190
593 922
484 214
851 485
125 447
365 812
330 461
514 784
536 430
157 170
999 374
583 818
259 268
68 533
713 761
412 904
951 5
178 435
571 381
920 49
828 637
861 159
451 727
295 987
157 453
510 508
179 445
326 439
713 747
972 778
508 384
682 811
390 212
246 313
594 518
362 422
508 576
933 311
303 229
650 461
34 160
321 213
605 0
652 671
747 625
449 607
9 484
770 751
696 368
417 642
886 131
417 746
707 350
57 11
931 708
824 965
868 145
179 826
145 831
849 244
808 650
203 818
134 973
921 183
341 338
177 580
822 594
326 529
945 384
540 228
92 364
194 312
862 725
490 359
556 339
604 717
990 159
887 476
133 808
11 826
499 189
406 321
783 85
202 80
821 743
309 913
459 855
577 673
580 420
33 488
111 989
557 101
148 444
930 633
605 941
812 104
482 218
777 618
655 979
698 476
74 359
741 886
566 671
559 498
91 592
339 202
581 896
656 82
341 586
715 946
879 527
402 714
98 531
332 753
510 382
582 937
94 323
823 12
994 382
511 85
327 202
640 908
98 296
990 439
234 58
737 465
585 139
179 35
670 863
141 533
246 723
470 692
46 645
704 41
379 567
478 706
769 118
967 868
766 309
659 0
367 397
466 305
888 997
692 911
213 833
444 811
556 266
503 603
263 559
996 642
127 474
701 248
945 668
116 711
329 128
712 697
877 530
354 117
879 46
28 92
880 824
903 436
90 758
391 705
318 387
348 797
214 401
45 159
69 514
222 398
994 286
447 871
816 801
988 48
200 369
492 80
193 396
868 636
506 612
341 824
999 41
621 565
442 19
724 863
533 299
614 527
585 61
750 754
215 90
802 415
459 294
847 5
42 67
641 549
679 334
373 31
376 347
596 170
718 673
34 603
972 648
130 557
61 232
311 276
322 465
43 134
760 242
139 154
662 132
703 341
466 429
724 842
128 321
365 846
346 751
449 670
399 931
227 812
515 891
441 189
356 836
323 468
79 814
975 93
946 678
786 413
459 511
607 587
184 324
785 530
75 234
200 474
517 779
639 32
22 80
222 731
916 897
551 347
64 526
792 10
557 579
775 16
90 383
956 626
707 741
156 135
328 708
961 845
839 600
230 862
680 804
945 949
53 496
648 117
23 441
128 580
20 903
948 462
638 904
88 698
646 596
833 326
304 794
523 495
747 105
709 779
909 654
728 963
503 377
80 878
170 560
458 190
816 758
652 454
663 92
504 661
688 689
987 344
836 862
839 583
968 549
362 877
555 443
192 58
172 625
936 342
185 746
532 1
505 536
808 520
628 664
181 316
706 520
660 542
382 851
477 350
752 191
580 308
634 124
718 806
749 7
148 935
105 32
288 962
568 448
482 196
113 663
864 819
535 876
713 918
728 190
620 832
381 552
492 16
677 211
174 426
570 323
713 27
355 354
990 276
802 472
824 915
488 689
86 23
917 799
293 997
341 266
830 723
818 322
91 847
885 265
626 807
588 691
835 296
45 825
572 848
297 396
115 785
437 554
161 707
705 454
704 47
720 534
770 891
209 213
90 446
478 716
254 419
408 89
67 805
914 639
5 563
387 121
701 177
27 214
884 732
668 940
779 741
827 901
984 36
114 74
482 593
143 88
364 903
177 431
708 443
422 66
359 809
187 412
338 566
626 574
298 646
515 78
387 694
979 723
730 94
798 564
39 293
5 403
548 182
186 256
978 608
322 689
769 861
101 108
427 727
34 78
373 901
156 113
595 487
836 677
933 986
594 324
631 599
727 179
133 913
788 463
873 462
152 643
676 605
103 103
684 137
181 58
39 689
523 986
177 711
664 462
50 258
787 681
209 866
861 342
132 649
806 5
463 310
648 139
916 751
595 600
241 128
10 632
818 533
618 347
245 282
161 647
892 948
328 453
815 541
796 947
542 954
952 6
264 953
145 180
56 740
781 297
221 791
929 39
677 900
738 274
534 899
921 427
200 249
880 15
791 28
314 333
982 618
691 247
571 189
779 628
281 560
277 502
352 559
893 381
459 631
655 993
883 576
772 83
177 5
450 968
33 764
654 368
382 697
967 306
886 746
934 168
307 563
670 11
122 916
392 581
899 399
927 782
975 699
217 152
56 667
473 90
431 479
810 166
176 777
472 63
875 758
583 534
321 605
897 796
521 641
729 421
40 656
203 15
708 773
520 764
440 993
206 224
824 16
390 0
145 862
415 21
620 998
555 941
604 453
89 125
94 819
898 135
475 102
502 183
227 22
948 667
367 154
891 191
523 633
192 668
495 959
689 467
958 597
761 914
50 850
391 496
669 290
631 497
744 486
680 971
860 980
990 228
487 234
771 10
867 315
30 715
275 720
182 585
669 295
851 719
146 242
215 167
884 199
664 980
37 697
303 897
677 294
477 516
880 249
878 99
564 909
814 839
981 349
424 650
996 627
721 142
870 288
662 106
839 326
87 876
23 742
126 53
388 603
921 268
852 800
368 417
61 534
608 394
235 385
44 232
12 117
726 234
757 388
341 597
67 780
825 442
522 951
495 911
907 417
531 759
569 251
528 630
138 137
376 373
522 772
957 534
889 36
769 646
776 462
595 843
242 773
286 116
76 133
379 983
902 911
743 471
162 271
453 652
408 829
26 282
601 335
817 842
723 938
841 500
400 788
695 642
561 333
110 638
467 490
621 721
401 716
545 915
340 350
568 748
532 946
31 133
633 200
328 357
138 521
209 890
309 904
532 871
590 994
861 57
484 834
778 237
551 675
153 891
26 73
991 558
371 374
43 356
926 371
65 64
892 274
954 554
531 838
425 121
833 638
530 669
472 660
907 375
336 412
266 362
837 610
272 208
336 315
916 263
39 982
679 931
608 986
485 491
176 262
612 9
252 494
31 725
155 938
100 843
350 719
557 187
681 829
747 17
144 663
280 183
997 960
467 958
298 304
449 474
919 414
484 171
908 515
248 415
805 349
610 155
420 167
694 101
348 441
118 493
456 751
28 806
63 847
764 361
152 213
835 423
979 671
594 888
538 843
655 343
544 618
850 316
785 544
417 134
337 887
979 794
990 359
600 53
207 716
766 711
929 602
486 909
625 432
149 164
275 156
859 171
774 710
487 912
606 256
398 944
144 377
90 486
88 690
540 647
406 306
710 687
260 196
948 886
629 449
402 256
606 261
428 732
971 267
644 578
524 42
874 20
771 964
506 860
6 398
859 412
705 570
451 317
766 400
555 747
849 957
4 807
219 784
540 542
403 184
472 927
227 698
299 998
662 806
210 668
204 70
432 261
640 884
931 758
636 486
858 837
444 214
645 15
998 537
909 401
73 734
681 300
432 980
651 95
786 213
763 343
635 548
604 275
784 535
386 420
374 244
609 818
458 606
185 808
143 94
561 217
828 594
869 613
575 872
708 713
438 823
408 73
371 13
701 155
900 87
927 626
683 537
796 493
143 981
301 639
428 214
208 608
809 429
221 736
302 929
449 740
105 858
813 476
223 514
984 475
953 911
102 988
800 898
481 944
232 134
935 12
349 143
620 510
572 194
246 226
475 47
318 580
257 484
57 832
998 41
308 304
304 762
292 105
12 774
401 596
260 336
608 961
831 581
471 755
775 717
334 250
117 652
831 374
136 240
207 487
281 867
791 937
981 435
42 993
561 443
942 822
131 550
783 314
131 255
422 906
324 756
157 441
408 340
168 897
580 375
736 213
594 527
150 575
314 545
568 876
988 510
698 472
413 481
786 544
88 208
803 413
316 312
206 77
652 374
974 232
101 710
445 695
589 947
270 903
492 191
779 833
53 829
305 466
663 443
363 751
4 518
516 320
830 75
397 482
449 371
66 903
433 863
598 374
810 221
278 303
412 409
136 817
591 793
636 254
236 351
357 592
869 874
913 51
949 310
533 750
34 951
5 819
814 604
194 624
177 824
279 941
585 767
758 176
912 746
430 501
97 140
93 318
14 6
369 315
669 254
417 55
205 423
874 371
379 420
348 908
244 979
849 830
747 959
6 659
706 789
160 155
929 606
826 295
612 195
962 633
802 731
688 359
154 915
731 885
335 79
793 932
58 642
114 157
954 472
169 660
261 681
167 542
287 993
189 252
541 151
885 695
235 926
54 389
193 137
627 880
568 420
164 979
415 278
136 369
751 657
381 364
339 900
907 978
246 448
230 139
952 468
834 187
746 240
928 939
378 555
171 946
328 336
277 743
614 766
464 365
423 197
730 114
97 989
93 343
437 675
482 389
143 668
928 889
909 857
180 287
412 352
585 92
688 863
835 654
629 651
20 52
848 102
519 946
91 612
641 880
287 124
622 783
792 550
672 53
759 205
340 172
909 278
616 597
141 452
603 770
455 623
174 304
77 693
602 168
657 243
401 945
719 23
728 864
573 752
917 685
309 258
209 218
536 825
167 29
277 771
151 733
746 325
389 824
371 991
344 28
234 745
325 306
768 405
170 694
158 87
379 819
697 588
38 585
413 205
614 43
328 117
128 75
795 869
899 166
860 595
546 446
341 872
752 461
277 922
507 787
362 238
607 59
826 645
997 592
202 963
987 531
81 467
606 876
336 857
394 196
452 940
994 145
812 747
607 442
21 466
581 383
705 188
795 883
185 144
475 740
107 814
271 540
281 229
768 969
438 162
165 242
103 160
388 267
259 347
61 280
813 643
16 518
183 811
402 721
955 229
461 414
396 84
955 677
313 75
999 751
238 164
345 693
676 733
312 287
432 726
568 598
721 584
468 904
747 870
625 54
452 438
468 848
522 775
877 187
203 876
290 441
393 636
486 421
721 150
61 154
876 629
104 597
565 572
854 664
795 831
70 247
270 890
447 144
666 676
332 221
905 622
662 650
610 500
423 332
650 484
838 527
465 942
476 30
514 330
46 661
162 116
908 432
7 707
928 25
736 260
246 641
235 260
291 845
760 66
529 410
551 367
289 16
661 766
399 528
96 445
189 610
914 450
394 921
157 323
298 893
583 544
886 170
804 529
16 916
596 897
326 147
617 968
163 278
86 914
158 534
360 348
145 274
798 539
547 307
862 845
553 798
741 439
968 897
321 336
813 917
234 491
416 851
459 931
481 545
846 640
80 558
340 577
832 490
116 731
797 979
928 702
129 669
142 97
566 463
786 379
732 20
222 148
223 682
79 56
579 277
48 11
835 388
588 667
878 57
750 28
36 678
730 517
699 224
614 617
39 400
348 123
772 571
271 347
253 703
756 184
980 804
196 816
193 136
835 423
193 938
803 581
968 886
98 668
462 65
285 502
817 634
625 942
205 249
289 810
304 45
346 636
202 542
452 747
31 640
170 224
578 326
158 546
212 256
566 674
673 204
528 491
190 506
433 747
107 74
557 411
472 903
399 674
798 852
421 181
844 943
405 774
621 915
320 833
524 239
860 197
443 740
688 633
598 473
732 705
900 289
468 372
544 868
398 694
72 819
875 268
114 633
42 736
548 714
921 72
953 133
270 748
874 310
733 824
136 465
882 36
106 350
760 651
570 158
697 994
329 573
262 443
206 656
179 754
371 453
179 676
586 449
425 812
111 510
637 247
976 519
635 82
221 395
85 144
905 783
138 234
708 753
678 914
409 209
20 132
662 199
809 601
0 586
413 464
96 402
63 424
273 699
859 495
446 944
639 352
79 129
586 787
234 264
53 996
826 74
128 840
625 289
441 978
875 207
442 324
961 505
748 235
556 607
82 3
552 73
355 983
202 941
771 437
558 824
785 384
250 913
576 876
555 370
854 430
929 648
754 890
153 855
477 710
462 559
65 366
632 420
350 187
361 473
976 271
649 761
7 900
26 584
128 581
306 334
12 235
982 118
477 487
973 955
549 436
866 614
154 851
386 504
38 748
329 14
19 979
127 27
231 153
963 359
735 269
45 99
504 379
217 333
866 543
288 768
331 155
734 485
6 121
342 396
221 671
762 240
2 889
619 233
42 934
944 129
203 989
228 59
368 798
393 587
341 681
707 24
188 793
861 546
914 203
294 135
227 56
728 229
945 699
815 988
634 759
117 189
101 698
249 821
496 642
760 189
675 467
565 216
261 426
114 527
982 409
663 209
465 743
790 411
794 957
751 428
69 220
618 170
270 867
991 766
861 104
307 536
571 224
104 184
651 219
712 633
628 727
194 445
822 336
208 616
294 959
397 363
532 15
885 802
234 228
921 447
332 580
335 256
805 440
440 808
659 504
793 639
583 339
84 405
675 293
374 321
604 771
36 488
138 921
291 372
150 564
819 482
144 506
738 301
946 531
109 957
35 254
596 971
593 33
376 621
678 750
942 634
873 979
123 11
900 766
383 402
330 554
237 826
61 327
480 359
858 941
317 246
196 265
217 789
650 945
762 328
48 705
315 921
36 438
933 288
204 668
691 886
223 928
64 636
255 544
995 466
838 664
64 34
930 633
175 580
578 938
261 626
995 576
900 31
366 833
319 922
501 10
808 76
290 224
64 898
769 60
716 607
76 780
993 6
413 168
939 343
458 552
322 453
480 222
484 846
407 156
120 908
166 928
337 809
152 401
707 273
813 423
232 890
555 577
248 320
98 539
663 556
443 337
362 923
559 198
121 318
354 241
579 873
521 916
682 26
669 741
299 483
516 884
725 423
461 973
743 911
865 758
468 308
96 182
232 7
380 705
326 87
947 905
960 468
173 994
494 842
87 146
677 603
382 402
378 195
728 121
107 593
879 927
253 327
109 837
335 841
543 13
928 842
270 888
310 443
882 157
637 321
655 667
924 389
69 302
936 149
775 43
94 7
322 348
686 431
185 21
273 80
386 201
922 656
442 585
451 676
94 441
998 101
108 274
490 529
929 426
679 56
822 773
63 144
473 750
928 11
123 553
91 862
106 14
518 548
599 322
577 45
763 575
146 223
201 988
752 482
414 431
539 588
557 954
733 30
704 13
41 180
566 485
42 672
499 912
221 450
586 150
847 701
725 993
924 278
981 677
761 747
460 300
336 17
254 421
400 311
434 793
843 0
278 885
672 129
149 245
931 736
395 778
437 472
771 714
751 752
391 512
500 851
164 188
869 770
609 621
433 43
414 276
43 693
513 67
174 15
313 106
751 708
884 540
181 8
606 284
760 997
148 612
201 312
152 70
434 761
43 868
156 457
144 551
502 10
619 29
25 284
135 128
992 371
20 525
379 627
161 492
624 309
456 825
973 609
247 408
722 642
628 879
100 124
782 954
134 401
983 159
37 470
639 382
842 660
907 573
287 69
65 263
730 522
441 704
483 40
464 205
683 92
436 135
568 219
89 703
972 425
214 10
895 854
744 89
514 651
663 153
72 80
416 155
602 857
859 437
898 675
643 581
767 431
68 335
2 157
390 327
934 605
689 182
811 433
623 325
436 286
830 861
367 246
16 321
456 227
759 706
902 754
639 21
537 707
708 540
216 99
867 151
56 908
333 867
341 956
544 777
595 374
638 314
972 654
987 780
881 746
486 135
852 125
156 390
184 865
282 401
964 501
904 372
409 589
239 102
897 135
879 492
861 870
158 833
876 146
966 110
892 452
245 97
930 402
839 114
619 473
867 583
974 771
955 735
360 546
837 258
33 68
102 894
938 261
79 167
407 45
277 651
498 874
100 780
276 939
246 895
412 466
830 738
237 137
825 950
35 662
560 68
83 662
962 373
275 42
540 682
87 169
686 937
44 138
717 320
78 316
568 842
782 750
933 371
888 758
321 923
773 881
992 856
544 954
581 171
348 122
206 788
643 892
725 687
30 795
360 460
111 928
655 245
30 588
616 918
698 290
194 471
171 186
679 67
492 261
239 193
735 445
981 730
689 706
418 71
853 778
532 316
58 539
561 88
479 530
359 177
820 553
649 991
91 680
411 935
293 650
128 380
95 461
111 136
168 529
207 373
659 91
690 717
630 603
157 109
133 516
287 305
69 288
297 512
968 708
448 614
710 928
994 157
390 105
293 910
986 500
283 645
592 973
362 574
929 520
684 62
36 971
368 458
611 17
970 931
77 770
545 139
699 540
296 89
997 589
999 984
441 634
629 33
960 344
608 889
864 644
303 252
967 23
62 578
40 385
509 469
155 407
608 854
947 256
295 296
845 646
280 639
281 262
24 593
606 984
482 822
628 137
74 595
161 489
525 553
874 387
23 381
794 983
236 93
240 883
389 437
530 22
76 163
284 101
756 890
85 590
712 714
727 138
661 888
979 187
442 853
926 817
235 720
152 823
165 392
706 906
182 588
928 258
751 212
711 859
454 797
449 166
863 177
657 876
417 636
415 211
490 341
28 77
413 533
252 578
277 958
485 459
899 765
70 2
978 781
862 432
930 663
951 145
840 608
374 610
244 789
821 86
483 202
515 248
735 767
827 364
78 664
824 977
429 246
979 759
379 841
544 662
857 495
159 697
455 533
307 51
675 481
490 158
683 5
406 770
125 585
134 203
601 958
180 383
556 511
494 936
705 38
598 562
885 109
611 692
643 271
96 318
752 586
828 435
943 586
557 68
524 691
271 477
2 803
860 558
667 707
846 372
97 796
934 335
906 545
27 549
168 123
219 920
61 399
707 5
337 264
73 861
956 697
339 958
852 551
868 519
610 715
891 708
511 177
395 417
75 422
966 243
898 537
164 311
936 223
316 274
488 742
487 444
791 178
754 643
82 622
163 692
337 406
752 201
584 147
618 11
922 937
254 172
474 770
483 763
994 152
389 482
246 228
278 37
759 384
32 841
358 547
885 48
954 990
249 890
137 867
901 411
156 155
583 983
278 419
746 272
923 487
106 521
67 736
910 826
120 942
667 830
842 905
878 796
895 127
686 384
347 939
796 503
94 731
486 372
502 584
996 777
423 454
298 491
190 560
317 662
503 337
493 345
594 371
493 489
851 531
873 198
470 669
53 916
753 540
641 255
476 637
33 900
444 683
743 634
244 60
297 99
749 142
796 343
865 289
832 716
172 58
266 642
79 672
910 832
564 551
88 40
541 473
292 985
156 35
971 752
448 620
851 197
762 647
893 628
288 77
696 460
135 315
454 215
987 717
47 551
268 487
943 161
960 236
498 469
271 470
221 719
90 425
269 205
72 162
833 713
239 881
525 727
196 980
942 535
697 341
438 317
829 382
831 141
618 329
610 241
151 184
313 594
609 582
799 33
96 632
746 687
513 272
414 62
604 356
597 653
698 36
322 879
770 153
20 740
835 983
981 986
519 646
580 480
228 379
513 676
363 612
364 229
236 778
291 840
487 240
845 185
628 167
416 398
321 788
138 508
123 472
494 642
118 427
474 699
158 340
375 522
952 739
103 188
870 746
380 357
986 225
894 967
744 310
365 417
450 856
925 574
328 772
568 446
199 43
145 357
383 873
231 687
612 334
875 834
432 607
191 419
184 85
738 928
747 455
346 198
311 623
772 991
395 340
438 594
735 935
304 118
808 887
805 773
222 32
607 654
991 799
425 175
236 515
456 984
971 154
182 282
777 306
274 173
998 64
119 734
351 775
204 160
663 362
285 885
746 892
891 738
43 669
265 280
184 721
616 507
875 150
142 5
456 768
530 454
832 649
540 183
425 745
695 88
459 332
325 205
225 568
295 620
589 561
252 126
634 868
633 510
18 775
867 826
543 397
281 727
46 821
263 823
918 958
263 729
291 940
935 868
509 582
840 450
143 93
576 778
313 210
640 332
337 859
158 881
256 791
960 654
965 223
830 235
534 93
965 177
34 252
397 895
834 237
345 330
330 274
460 996
836 452
328 173
311 838
406 567
982 367
573 299
590 403
534 476
497 851
653 883
103 402
130 290
640 827
620 322
101 432
318 937
884 998
111 195
189 869
114 523
236 687
822 179
91 708
655 940
560 661
823 663
415 305
953 55
132 925
730 234
357 400
523 593
399 634
788 940
856 254
463 92
294 637
623 385
345 631
677 905
292 852
921 707
157 226
115 289
504 845
875 861
245 399
807 996
385 595
936 241
202 751
334 496
388 957
233 86
588 910
343 232
762 264
292 271
843 759
560 347
956 436
560 553
835 367
550 572
315 838
814 517
942 500
365 682
457 598
768 398
860 112
982 974
728 626
245 571
385 157
270 341
593 831
895 780
198 797
353 865
635 519
734 929
19 99
612 828
697 732
226 909
196 561
883 277
187 480
200 573
638 471
914 231
654 161
364 204
958 69
70 946
588 804
227 607
904 191
435 953
924 14
863 120
575 98
749 762
579 950
687 217
421 954
800 75
467 164
279 426
585 349
724 173
506 303
132 410
495 920
715 419
286 930
891 213
29 641
327 960
591 15
177 364
321 329
791 788
846 70
566 431
772 290
957 278
594 441
40 89
361 107
860 999
38 103
212 67
744 540
379 687
907 556
403 228
237 194
16 83
265 583
515 389
225 824
19 171
265 411
612 979
518 472
978 556
928 543
975 672
83 354
712 990
262 115
570 500
310 586
583 927
521 450
316 747
274 687
270 540
98 883
871 616
707 849
525 635
392 500
660 827
207 372
169 469
839 739
321 149
678 905
428 199
355 96
298 982
783 921
522 881
804 393
850 863
594 375
851 339
227 511
166 434
235 688
904 74
427 225
576 457
482 356
9 190
453 659
172 236
580 46
470 736
791 320
600 737
47 451
76 274
314 595
709 549
283 965
975 62
542 903
520 377
612 529
567 65
188 91
301 121
137 123
857 928
443 809
665 842
260 94
117 926
689 178
827 972
143 155
34 37
58 906
414 670
435 333
87 976
424 741
97 561
864 306
841 660
116 859
502 728
953 619
7 642
797 834
966 292
989 352
330 400
259 96
422 46
430 510
22 854
251 471
768 467
130 609
127 246
468 982
326 421
953 333
415 103
168 733
395 509
86 77
909 345
526 332
391 956
194 766
162 797
589 930
264 719
540 744
317 360
726 644
134 679
329 549
782 849
283 530
359 721
959 620
66 485
304 809
793 498
575 956
295 165
238 912
884 778
656 202
491 382
198 625
413 879
526 548
729 161
430 88
882 389
60 300
227 365
110 20
863 685
328 511
202 567
423 439
697 79
993 188
813 543
813 226
422 692
126 151
853 556
591 736
946 652
36 173
369 498
545 232
536 874
743 738
441 518
529 138
597 522
679 410
65 492
989 840
536 115
991 390
672 935
478 970
939 866
495 308
365 392
892 901
266 988
991 59
506 873
550 104
395 229
866 813
73 207
653 610
323 996
0 347
931 478
669 222
696 516
530 61
908 423
314 175
411 658
586 269
531 136
373 278
365 592
91 439
799 744
49 474
93 401
821 24
231 842
247 927
358 129
341 267
904 655
794 667
313 380
937 196
517 662
475 234
254 566
673 406
663 74
880 756
475 54
132 58
896 731
986 607
861 327
874 765
334 20
433 0
400 370
196 269
32 671
504 639
590 177
45 605
604 277
361 431
331 845
490 580
577 828
187 438
507 413
555 841
433 340
841 833
710 390
455 95
413 959
86 3
488 483
608 92
112 321
524 796
167 366
376 744
194 915
534 701
328 89
894 761
430 88
946 492
478 401
939 891
360 377
895 201
212 855
293 325
177 169
121 344
887 497
440 81
412 974
134 92
415 29
853 197
117 799
42 947
553 981
838 265
711 85
466 923
941 112
248 470
281 369
166 169
218 606
602 982
932 89
74 699
118 927
897 587
79 939
534 632
272 372
897 983
810 364
259 103
828 507
573 109
229 91
630 447
49 585
782 981
674 856
32 144
784 929
731 215
220 265
847 493
989 96
828 799
812 439
254 640
947 827
102 528
270 84
327 319
669 109
652 695
966 685
839 102
614 922
317 187
539 516
680 881
964 860
32 777
300 287
769 599
114 871
479 737
956 806
56 977
916 709
673 234
394 864
688 360
139 357
547 678
873 579
559 189
792 592
966 92
879 736
43 345
959 522
82 267
328 491
245 596
200 270
182 946
486 870
658 625
579 558
304 804
137 215
994 281
807 312
373 38
400 768
736 360
290 170
627 971
661 872
919 861
494 454
159 981
676 818
606 256
728 262
60 217
478 54
499 285
367 224
676 767
993 412
127 635
582 107
606 244
331 878
457 826
332 969
159 8
139 117
616 867
380 677
84 858
731 583
495 450
808 171
218 153
935 697
788 870
156 747
114 488
625 923
666 309
244 825
669 383
942 286
602 674
315 39
532 46
974 380
849 134
551 419
287 839
468 428
709 625
175 175
465 152
450 131
813 695
308 482
430 602
120 385
277 435
424 161
834 398
541 683
533 445
454 172
636 922
600 345
547 127
520 12
631 970
495 444
17 155
279 800
110 399
185 739
187 609
252 373
359 146
56 244
591 510
769 579
784 369
924 332
849 796
696 480
118 544
277 136
51 556
936 161
307 473
900 846
82 153
219 793
299 627
38 242
489 159
821 274
528 97
958 729
893 654
210 363
550 487
499 602
395 787
115 702
612 368
549 46
521 768
840 172
396 230
766 885
389 939
511 269
36 469
999 281
124 561
644 26
400 496
980 795
635 96
497 248
464 398
646 337
519 486
861 267
68 627
504 457
918 16
79 954
485 78
587 961
991 583
988 391
431 968
186 419
64 35
19 880
786 665
217 305
504 78
572 572
57 76
382 975
92 461
281 930
891 868
891 882
804 879
625 587
848 811
6 264
198 377
497 984
43 714
289 899
145 213
471 202
642 853
178 86
666 459
16 557
680 908
791 484
787 416
71 987
579 430
604 778
807 101
114 202
167 756
101 312
969 573
515 963
778 693
50 797
152 66
354 184
974 498
668 114
914 92
453 846
522 409
976 681
510 90
884 678
846 337
990 168
262 857
131 393
550 181
190 55
600 544
239 926
394 260
392 661
352 846
507 226
255 483
259 118
925 495
148 124
833 490
292 95
348 775
840 250
957 30
305 909
927 897
835 321
157 228
982 861
426 841
439 33
676 698
503 602
194 651
726 379
142 370
826 842
145 667
92 454
697 750
363 624
999 551
946 508
131 280
369 909
122 808
942 798
858 446
752 52
449 478
431 943
848 258
785 346
277 230
800 974
332 516
599 331
67 897
191 550
529 560
459 651
720 401
802 578
199 554
983 1
385 766
944 585
376 82
931 653
664 84
628 996
600 579
679 19
828 870
569 357
782 28
361 854
781 515
784 333
69 767
334 806
886 278
392 262
712 675
268 376
759 248
724 711
827 755
730 7
977 299
716 111
679 429
965 461
944 102
794 366
869 480
172 107
110 916
370 823
944 638
551 703
886 628
415 65
383 497
424 713
797 492
176 476
922 142
289 866
596 435
584 465
915 757
573 26
25 295
849 969
285 752
25 523
380 792
940 116
289 716
181 438
208 357
267 130
851 556
349 447
992 285
913 907
42 838
933 420
485 134
389 122
887 766
645 267
558 937
735 848
653 916
286 213
274 905
696 125
462 45
573 454
330 838
713 725
28 999
497 865
133 238
987 372
5 984
992 563
273 727
763 926
996 402
491 270
307 187
747 769
584 320
575 267
510 289
992 890
640 841
755 125
79 94
498 84
430 490
0 703
569 763
981 565
165 473
187 473
660 935
242 245
607 170
512 118
811 856
8 451
697 116
576 776
210 426
213 993
916 213
696 838
976 678
403 494
151 591
967 163
878 561
408 485
731 272
603 894
128 964
345 177
432 274
306 994
700 519
987 969
84 684
807 412
714 562
906 865
505 873
28 383
787 789
869 518
61 824
413 542
140 110
719 572
384 25
567 437
896 554
406 980
590 565
393 304
479 651
521 985
525 902
720 664
691 941
182 104
118 947
646 258
410 718
831 146
743 750
583 640
656 341
972 247
906 717
551 738
369 425
75 246
327 795
910 18
89 444
474 207
744 473
465 154
191 648
300 934
398 236
926 55
577 251
654 836
968 557
926 689
982 1
935 309
148 197
679 237
642 154
796 386
979 614
892 170
262 544
456 13
132 735
420 62
986 426
250 306
983 176
996 966
177 283
627 677
481 307
267 475
813 63
213 792
677 457
314 292
353 770
657 486
505 77
548 843
503 798
150 838
326 498
804 855
133 784
532 966
443 799
793 256
863 6
400 892
815 714
536 169
484 193
655 342
622 555
185 125
705 687
316 31
185 472
886 671
256 770
637 699
570 431
307 785
789 707
29 605
773 566
774 258
759 781
600 382
336 137
859 41
825 527
424 362
0 662
33 256
432 23
956 354
806 615
491 595
323 521
552 96
439 678
706 198
811 658
932 147
796 144
540 973
671 316
335 23
978 721
280 411
744 588
117 550
203 609
497 878
130 50
975 569
80 33
119 892
692 404
391 840
900 932
813 923
600 148
947 579
869 579
342 965
167 459
515 722
68 365
601 550
415 928
471 495
961 591
739 5
347 131
845 599
63 658
522 663
159 821
594 380
400 936
346 919
748 213
642 816
578 595
719 345
875 190
193 836
133 932
842 480
63 687
431 126
698 954
142 857
