1000 999 3
575 111
847 835
737 36
503 964
262 765
623 305
722 584
734 267
710 825
73 629
143 993
646 273
921 657
301 663
145 471
995 72
583 194
907 672
230 762
989 844
527 964
149 250
901 235
869 611
413 294
240 556
639 886
181 560
895 834
223 40
306 570
113 241
764 372
913 346
135 902
191 662
219 692
264 120
928 485
731 341
779 323
249 771
210 431
331 457
265 907
498 923
477 963
164 594
335 78
940 470
332 483
485 551
176 749
671 104
235 754
797 366
78 46
137 640
477 821
97 95
728 947
18 557
910 183
151 598
613 92
68 945
927 553
849 103
655 872
559 242
627 356
960 57
755 450
697 584
271 146
679 351
446 50
908 708
585 60
306 198
504 375
143 783
280 344
887 287
217 446
529 196
155 490
253 910
940 302
846 563
800 878
914 246
928 822
955 513
234 261
711 90
988 206
874 621
903 113
908 120
559 438
668 66
280 921
328 220
575 175
783 375
53 49
974 333
223 929
198 458
542 909
900 883
467 126
504 722
239 764
842 151
554 510
569 834
783 898
406 710
425 541
86 830
590 412
163 814
693 361
624 587
622 876
470 441
3 326
164 594
91 358
97 645
221 667
832 356
565 238
67 342
132 505
172 722
917 687
888 962
400 864
549 374
93 20
815 448
698 331
42 141
42 140
787 263
159 971
971 76
561 38
418 693
895 590
768 164
629 8
126 29
225 28
403 318
48 570
766 98
254 160
240 296
652 379
911 811
350 882
887 911
273 305
957 520
247 725
685 876
85 163
257 310
191 660
628 591
583 746
42 837
907 282
485 559
661 396
723 363
278 610
626 903
268 583
424 867
660 461
96 746
976 353
408 520
366 37
463 949
135 505
138 42
139 623
954 800
19 677
515 649
639 142
553 259
77 329
127 738
142 223
836 470
928 244
990 294
633 806
243 769
663 381
163 803
4 117
955 375
146 471
25 138
965 930
397 42
611 876
132 753
451 968
575 380
565 566
674 198
724 270
319 387
3 483
542 360
952 850
735 451
321 760
589 638
42 338
680 653
567 165
758 18
133 334
750 50
252 777
601 328
47 920
715 50
755 610
410 60
460 498
511 133
610 100
771 653
790 803
658 709
968 769
728 454
103 830
856 707
607 457
35 6
730 102
57 485
64 819
545 524
669 56
657 280
508 780
285 651
936 943
360 256
64 440
710 519
271 919
226 230
376 613
237 106
68 646
944 132
817 489
657 487
898 666
119 758
447 404
409 735
699 122
991 764
562 702
283 185
621 862
416 349
475 5
456 543
651 400
676 468
241 685
307 491
351 426
250 150
830 11
885 882
485 877
646 48
931 281
585 904
143 353
605 971
358 61
514 361
813 542
830 407
579 489
898 283
916 500
433 98
864 671
980 349
900 978
749 183
260 687
87 755
40 692
726 751
106 593
112 271
487 294
30 67
784 281
350 700
781 135
798 997
158 131
347 58
109 96
241 721
135 680
477 176
373 555
927 831
500 391
454 340
686 485
407 470
766 109
522 899
596 672
897 755
803 596
813 265
44 55
986 180
735 815
356 460
371 635
643 223
26 98
563 64
583 322
534 701
431 408
952 380
81 849
135 884
445 948
149 842
355 488
22 443
303 730
255 26
717 899
250 743
349 165
808 932
488 694
985 271
103 937
651 536
139 786
772 936
87 922
778 442
762 152
885 65
882 493
92 599
392 694
695 741
859 855
25 347
549 362
619 4
299 622
892 438
409 665
727 496
939 505
290 701
658 528
766 540
21 210
492 765
904 187
506 116
42 883
463 943
245 434
300 896
57 192
687 818
857 414
314 796
919 604
849 929
132 616
822 153
178 314
918 435
853 776
551 247
11 14
542 256
801 842
505 210
387 192
28 596
606 342
745 877
298 594
807 431
562 981
936 741
295 207
176 500
335 727
747 347
93 641
955 246
836 460
456 223
4 484
819 962
178 916
840 477
511 999
260 425
980 196
166 627
755 694
479 91
773 226
790 219
219 97
465 55
910 922
278 914
758 450
877 937
366 69
414 229
68 674
655 400
222 173
379 330
868 858
773 993
436 563
212 655
12 30
711 922
304 989
189 62
791 66
351 510
487 765
739 907
791 394
307 366
920 38
696 788
896 821
133 332
384 698
987 396
728 698
671 32
40 860
446 831
278 798
341 765
915 81
24 59
827 331
425 99
721 473
887 617
294 373
949 30
71 288
778 799
987 449
183 27
661 981
210 939
131 552
56 47
985 80
458 164
763 235
264 484
708 503
101 354
876 402
384 299
691 514
98 678
316 633
57 977
615 267
269 746
171 325
145 156
406 603
673 521
838 937
6 898
440 459
252 669
862 988
968 905
855 419
583 171
404 992
500 19
611 121
118 783
447 615
291 205
571 964
726 761
253 84
660 46
544 264
715 758
605 35
663 460
454 598
983 859
590 835
230 553
957 700
336 756
668 980
961 239
944 39
0 198
124 12
244 20
277 311
778 234
346 441
46 153
39 29
364 981
216 946
534 525
999 223
281 667
203 594
906 147
634 258
697 110
271 293
130 900
956 260
134 655
701 180
160 92
561 524
73 777
822 959
303 821
182 936
488 385
531 746
885 517
5 934
627 276
580 109
176 536
721 310
191 774
842 351
866 403
227 291
532 50
602 187
223 785
124 712
522 655
458 759
524 815
694 503
91 274
964 619
162 685
281 354
459 123
57 677
878 637
968 411
687 570
598 262
707 74
974 230
81 785
341 605
600 35
108 44
661 424
15 176
109 297
882 568
772 939
245 3
928 565
414 967
488 364
230 195
791 204
777 872
341 119
830 294
506 290
338 520
715 353
696 824
2 578
745 127
869 342
130 798
260 896
765 748
612 995
943 403
552 73
628 893
192 458
187 50
748 877
570 815
583 266
640 585
196 737
64 66
431 194
216 691
442 981
439 55
329 735
810 233
808 790
478 352
248 18
402 349
895 325
164 478
943 156
416 140
893 832
558 325
379 774
368 821
107 808
228 788
895 391
21 55
181 500
407 430
518 161
131 413
486 295
244 782
452 12
274 697
844 832
374 575
958 743
397 417
903 977
206 798
368 227
205 550
727 612
332 597
125 463
11 964
110 607
746 914
971 20
612 167
204 338
743 162
433 492
931 336
469 137
486 838
365 691
388 444
655 720
42 781
535 405
97 645
364 843
560 335
215 524
854 419
214 949
933 648
441 864
336 911
354 175
749 719
218 489
163 874
561 557
7 96
962 104
93 326
299 5
13 514
881 868
285 96
817 570
96 611
786 432
522 140
607 271
211 826
112 727
52 673
284 411
121 599
515 214
925 814
572 291
680 453
511 317
901 680
887 997
291 25
430 813
166 389
436 729
567 548
456 971
573 741
382 694
340 897
261 617
63 833
908 95
286 771
412 540
452 651
537 743
29 967
909 195
709 345
924 276
246 733
248 819
474 630
514 166
880 127
135 295
960 396
743 598
167 507
138 619
159 676
363 188
995 624
735 704
969 11
333 567
744 581
387 570
563 253
88 795
380 224
443 340
620 186
290 787
693 429
407 204
457 122
744 452
746 479
509 67
843 842
635 939
775 374
510 690
627 598
838 359
174 281
51 794
467 341
934 512
122 693
717 579
167 461
384 265
293 245
332 136
87 319
427 214
693 937
904 672
888 742
31 414
23 82
209 842
776 495
355 898
188 424
830 355
885 566
620 530
811 304
18 898
624 446
464 669
735 368
694 623
463 725
390 838
160 599
33 288
446 740
186 634
164 368
989 401
934 961
932 745
265 950
995 241
748 459
263 484
180 957
459 643
34 849
833 194
800 866
834 246
606 21
880 770
389 221
524 676
534 456
421 800
758 417
393 507
228 656
343 408
613 802
403 648
652 237
194 452
455 29
51 62
402 283
184 143
505 708
819 39
516 593
191 627
10 585
134 238
593 829
999 207
631 402
207 283
639 401
88 95
782 139
509 184
422 693
680 279
754 499
671 622
444 214
249 806
151 735
45 745
564 396
952 548
798 159
183 790
912 271
885 47
762 746
583 537
791 263
168 545
115 191
520 559
406 121
366 557
857 763
654 773
159 606
321 309
117 505
99 382
128 984
429 243
82 12
780 874
628 300
771 743
492 291
302 898
413 20
807 622
783 462
395 294
420 69
604 890
574 703
624 54
40 53
297 122
417 77
996 45
378 768
788 222
411 443
120 824
463 279
798 599
93 546
893 514
615 497
756 541
201 380
595 241
785 893
715 202
322 712
600 52
832 740
274 243
535 746
420 999
26 570
950 471
116 843
337 731
341 93
272 894
825 868
487 610
113 202
165 435
266 765
488 450
857 114
46 393
861 818
744 239
388 694
710 505
537 48
236 230
493 861
476 319
81 315
929 194
870 94
981 136
211 821
939 69
936 985
462 149
803 206
388 191
900 450
696 789
498 285
372 992
146 848
663 579
516 592
125 386
39 106
522 602
928 813
671 216
798 485
365 953
43 105
497 943
555 193
85 54
830 809
398 328
657 61
907 173
5 384
559 396
491 434
999 771
599 22
339 750
508 704
703 551
809 200
847 364
746 284
770 928
93 520
257 102
933 516
628 291
901 187
687 744
973 38
867 925
61 206
675 569
262 378
472 71
931 671
787 677
955 910
605 48
782 214
151 716
731 779
7 984
318 46
728 644
85 595
921 146
153 596
67 415
974 891
838 257
563 977
934 518
887 892
919 670
106 422
738 189
553 97
173 223
143 253
219 228
200 140
726 353
736 793
120 63
685 958
320 600
936 607
470 175
499 389
197 605
163 287
147 716
384 320
292 528
574 511
108 126
652 835
480 388
980 600
803 665
911 124
617 199
731 88
374 230
829 924
187 345
211 334
413 596
7 705
476 933
217 584
59 869
419 891
609 752
492 413
417 755
889 387
954 972
475 680
554 656
604 741
1 168
428 415
764 787
120 592
720 689
176 131
910 948
23 872
700 867
637 469
622 526
208 576
498 683
256 52
692 213
145 693
381 925
460 497
64 581
89 784
622 617
916 533
917 939
405 969
806 42
439 780
920 647
708 418
683 964
822 727
177 319
420 910
597 881
407 661
814 496
798 436
466 714
321 383
5 726
353 163
768 144
943 40
143 651
458 826
967 632
553 497
304 326
407 901
559 167
914 725
663 712
513 481
778 835
865 783
561 218
298 682
362 241
722 505
244 533
684 564
517 589
413 821
267 172
74 178
339 341
903 355
53 417
836 832
252 701
967 165
271 266
199 985
859 274
491 456
159 527
20 28
468 433
202 88
957 276
266 297
969 170
652 23
939 840
207 543
542 174
60 165
792 260
151 652
886 994
108 397
873 128
425 341
913 627
429 870
256 48
519 225
218 523
600 509
364 807
52 258
334 112
423 126
724 926
778 962
920 886
359 793
366 785
487 631
412 268
854 668
316 373
894 886
897 494
395 261
654 447
871 988
912 294
114 636
221 245
599 493
483 958
287 202
743 126
833 508
394 39
176 63
413 422
949 662
917 345
275 571
792 146
911 704
792 377
693 365
622 644
859 106
602 498
660 698
624 845
206 370
885 734
433 650
157 383
312 426
728 939
349 872
85 612
929 229
989 974
595 612
618 806
70 572
304 730
270 280
575 828
650 812
915 436
462 424
171 126
850 251
65 551
123 502
163 404
84 152
378 31
116 348
837 186
921 141
268 543
773 196
372 775
360 639
211 823
63 382
301 265
633 719
816 109
573 331
865 657
483 596
40 600
944 877
138 865
370 759
761 143
307 485
919 667
124 482
842 187
217 496
804 202
215 620
663 140
951 529
150 786
125 190
738 421
68 877
639 790
988 400
934 647
885 205
314 361
39 509
548 256
5 352
459 572
324 122
712 627
3 214
413 480
405 152
254 825
381 893
615 721
645 901
368 530
106 682
243 146
543 143
754 548
847 213
472 171
688 537
798 43
751 563
876 508
715 130
333 448
23 949
169 20
850 537
902 309
572 145
807 115
288 561
16 135
127 840
658 167
377 456
210 129
371 86
637 87
568 323
887 591
624 57
963 826
946 865
135 518
10 942
986 650
504 354
785 983
194 443
150 572
251 360
53 623
799 690
62 367
365 949
311 989
6 274
816 953
140 951
823 502
246 809
153 102
515 290
85 710
734 235
634 337
947 687
312 746
729 374
466 95
324 777
84 682
403 252
987 895
556 163
398 802
324 903
256 840
193 693
550 279
280 184
617 227
223 281
326 952
656 792
399 332
569 836
366 972
88 354
220 644
517 618
798 193
873 54
33 66
99 935
698 379
471 667
607 694
948 933
999 604
77 398
288 998
234 655
322 323
361 542
319 230
160 118
423 33
524 457
452 624
392 502
355 216
169 962
910 117
247 909
74 324
660 362
674 894
369 997
569 730
539 889
960 52
359 384
437 883
193 241
859 937
743 215
153 912
529 416
382 129
325 808
805 337
522 480
232 892
477 801
622 368
42 583
420 401
319 210
637 512
451 848
449 195
415 603
459 297
19 841
426 696
649 231
34 172
63 618
64 892
771 38
261 814
621 33
567 292
243 204
804 695
405 254
890 820
209 349
469 580
543 895
628 544
479 14
68 894
632 484
787 404
523 48
570 496
81 137
789 677
342 593
372 99
199 614
271 760
315 741
692 210
636 321
755 467
335 823
362 320
308 149
724 831
549 294
679 982
431 468
659 125
414 383
576 965
997 848
726 665
589 770
875 577
91 630
397 779
806 759
99 466
260 175
297 809
469 328
143 252
797 803
730 563
538 306
528 888
154 606
553 95
377 780
673 820
763 70
599 569
181 698
387 441
225 684
602 694
364 97
299 513
252 29
76 791
687 605
679 194
563 584
289 940
716 314
761 479
736 712
400 917
763 787
710 988
823 664
683 188
762 334
701 14
715 778
157 402
735 836
596 298
772 238
591 489
552 704
968 641
416 721
558 179
508 621
168 684
637 203
224 399
537 925
766 604
55 923
6 142
112 955
793 884
193 736
725 97
440 46
90 856
767 649
388 627
622 556
311 259
111 535
11 648
813 777
604 220
52 610
715 164
917 508
401 462
244 126
912 36
172 2
892 291
3 280
919 625
188 582
237 299
470 248
299 635
377 903
855 781
866 922
298 783
430 699
246 26
177 158
62 702
160 307
993 516
939 912
141 128
847 730
779 317
978 79
304 707
334 511
841 200
434 139
336 864
190 582
243 367
92 657
69 604
316 63
120 256
327 614
736 526
344 515
843 675
946 499
382 633
11 575
833 445
714 169
661 904
103 904
624 547
914 693
152 230
108 624
838 788
238 574
314 935
442 510
610 740
9 344
373 20
920 559
465 634
80 479
891 536
735 515
83 649
560 587
232 669
212 70
457 802
997 771
737 791
633 699
883 643
44 609
663 964
168 481
950 600
312 193
136 47
708 220
697 269
807 281
290 371
351 747
526 700
870 615
843 504
315 727
499 359
688 514
675 208
995 977
808 307
171 945
355 231
517 404
500 676
685 142
48 388
889 926
441 112
541 284
968 856
363 467
567 51
981 242
259 329
572 420
988 743
365 695
974 882
99 827
558 136
969 958
877 211
884 318
323 426
954 643
634 670
110 202
73 91
796 333
772 368
105 761
111 470
456 438
704 556
265 614
44 234
925 273
797 809
943 120
587 898
763 574
920 225
776 993
669 924
678 441
293 783
202 756
605 659
546 309
567 811
276 611
398 201
885 195
362 180
668 302
78 783
876 350
9 4
344 678
928 22
471 573
806 674
682 411
333 228
73 900
392 349
863 142
902 100
337 264
281 357
566 711
493 794
62 854
798 406
884 727
780 355
652 938
29 334
702 362
563 127
614 307
828 830
449 730
930 138
346 563
496 913
275 341
707 689
195 858
447 79
585 227
434 589
166 816
924 220
178 839
347 145
146 175
975 595
905 257
733 251
821 581
516 96
922 576
137 469
434 584
548 371
811 335
960 329
151 236
549 681
75 896
178 573
423 153
168 328
411 254
932 232
187 800
680 110
376 817
579 810
401 480
181 564
815 494
894 318
730 795
351 158
44 530
731 467
683 252
148 446
506 80
30 693
880 62
155 609
231 87
771 984
567 305
549 734
799 795
404 881
942 755
39 986
285 771
806 321
375 954
119 881
386 150
926 618
564 434
579 796
521 351
780 440
656 681
526 455
476 930
336 771
37 728
757 675
851 915
348 226
869 467
107 607
969 385
578 534
819 157
330 692
508 110
132 164
144 10
619 620
292 308
743 330
36 501
357 887
416 705
113 638
172 572
597 142
309 175
28 481
333 358
173 841
820 658
358 964
20 977
937 313
637 680
995 25
533 352
912 302
57 377
940 581
301 889
75 963
65 103
444 750
461 969
591 634
979 949
598 0
279 887
313 268
568 308
294 453
660 558
755 69
288 47
650 941
937 726
904 354
829 348
104 643
670 47
277 649
349 227
649 628
115 962
248 35
622 894
488 282
453 596
703 93
995 354
34 284
432 939
638 613
639 742
256 309
790 885
311 139
113 960
119 580
275 719
615 897
614 455
532 419
403 235
512 399
941 546
683 725
837 322
339 829
416 595
490 558
833 801
49 946
114 168
526 389
240 493
638 854
300 170
273 704
758 137
455 51
683 138
777 873
812 116
54 581
63 896
139 896
698 189
194 164
709 72
553 301
565 543
155 218
66 780
922 176
917 729
227 953
219 356
826 384
472 232
965 888
128 456
784 178
997 331
342 59
403 247
360 321
791 516
539 857
296 813
33 566
542 612
519 761
969 697
145 793
929 462
681 57
919 818
588 916
149 930
327 552
178 688
225 321
556 764
530 204
577 563
770 471
527 289
233 496
986 730
642 267
193 323
677 464
141 265
732 642
195 60
547 725
748 772
46 656
537 576
860 466
491 983
938 371
272 523
219 611
605 861
230 798
185 907
614 678
524 347
321 72
407 220
797 507
992 196
163 881
124 375
700 968
358 990
339 983
513 558
946 470
420 176
621 957
436 235
987 960
582 660
32 989
880 182
848 225
730 11
106 854
387 806
174 97
796 865
80 661
776 378
132 548
555 753
505 991
340 844
303 923
505 336
264 385
870 113
962 600
476 69
806 215
227 981
313 376
198 745
37 974
124 521
522 31
626 379
22 967
576 677
242 81
13 506
818 883
619 781
835 448
202 642
663 429
975 976
805 173
74 195
500 198
68 22
229 47
754 603
14 330
280 256
763 646
114 581
881 86
362 717
534 564
359 197
346 334
526 503
859 600
50 359
798 119
382 379
518 488
982 532
170 614
140 933
260 606
866 142
692 581
859 226
497 570
424 843
256 302
699 115
902 749
475 700
220 209
79 738
697 413
622 219
27 114
504 640
721 370
782 413
951 993
992 801
915 768
644 171
70 695
286 972
445 761
24 17
970 455
756 19
868 730
590 247
197 94
887 918
465 21
683 768
366 675
921 281
443 566
452 865
613 739
837 58
852 861
428 823
316 536
194 536
266 785
136 463
879 23
733 696
397 417
817 763
444 738
397 240
656 849
105 270
940 943
680 793
156 108
968 825
644 514
713 263
299 849
78 531
225 812
579 622
581 748
737 25
839 134
617 847
336 723
117 628
18 150
773 526
610 93
351 607
608 65
222 259
266 300
142 491
464 74
113 45
822 203
423 13
689 40
861 377
115 330
6 485
480 131
12 443
225 715
402 185
132 624
444 399
924 939
890 389
13 356
786 187
559 209
201 600
602 414
978 717
744 336
555 577
467 919
20 692
634 422
877 767
46 674
518 322
613 408
63 978
116 850
517 27
411 70
628 13
484 958
83 229
294 638
806 761
557 178
806 543
952 35
662 998
709 180
672 674
941 736
4 57
938 522
85 349
944 65
363 429
23 446
10 669
436 168
430 345
346 236
888 298
272 551
648 333
731 320
360 24
408 364
82 346
238 519
696 183
936 411
612 311
857 974
980 645
142 410
990 840
999 878
138 623
781 138
956 513
810 668
889 219
33 323
917 271
842 613
454 130
24 418
441 233
392 421
878 886
184 868
726 535
99 216
158 880
354 466
745 517
135 635
736 520
958 653
791 153
619 598
635 995
16 77
229 761
850 459
647 34
328 726
921 779
294 79
11 1
898 757
518 385
744 606
905 54
259 696
559 230
294 195
226 663
624 455
776 474
914 775
861 594
501 782
725 796
214 737
797 112
846 315
497 590
921 402
996 532
450 556
115 745
751 341
760 727
148 536
553 62
311 414
9 813
549 734
961 763
823 110
227 669
777 724
259 698
478 608
582 928
164 697
25 267
390 785
994 538
673 547
953 985
314 962
150 863
48 111
978 872
221 205
893 998
281 505
48 759
113 982
39 277
32 417
544 422
554 890
961 228
789 266
213 103
580 363
318 628
826 296
852 399
501 746
749 134
603 149
245 716
131 285
993 515
54 889
938 608
131 251
836 920
517 49
376 97
764 694
77 590
343 282
989 196
380 90
331 983
239 576
699 723
213 44
238 267
285 176
876 416
779 64
688 648
114 64
745 230
111 175
821 454
457 162
650 189
253 333
172 844
262 223
567 475
267 806
95 904
334 323
320 114
387 360
762 501
777 860
732 888
35 905
694 844
419 696
33 24
30 557
869 292
780 788
119 399
594 214
303 281
537 975
747 277
335 509
130 112
721 862
352 108
119 46
304 891
743 337
915 773
894 136
417 26
925 536
425 871
751 728
152 640
703 899
917 391
761 48
855 482
262 208
943 734
254 247
625 349
585 540
474 831
677 891
858 954
428 635
825 531
364 978
171 419
229 441
162 990
489 18
825 103
226 768
837 832
15 462
182 952
355 656
784 32
900 994
986 328
981 163
859 697
141 382
117 371
823 279
713 664
649 538
768 875
306 957
708 674
420 242
626 775
898 762
159 798
108 497
478 90
660 689
787 154
424 256
877 599
888 590
264 537
481 384
413 139
341 473
813 113
715 792
240 965
554 399
116 663
248 594
105 261
636 892
415 60
149 644
659 37
586 275
574 67
11 339
559 705
812 724
818 879
516 59
845 423
810 961
438 411
907 543
672 895
435 439
307 936
83 967
325 669
594 252
89 958
591 648
663 756
372 833
635 241
244 832
664 55
145 454
466 53
997 490
300 784
929 608
721 12
927 398
681 873
650 122
831 594
770 494
350 495
680 337
88 924
170 104
979 667
558 797
720 555
287 373
691 216
981 764
580 908
163 614
781 813
736 613
759 859
459 109
706 491
799 794
416 321
250 747
988 808
545 61
715 184
434 406
753 415
171 685
675 334
299 456
499 388
421 259
247 233
720 305
724 519
451 140
840 701
888 181
509 785
242 224
321 676
630 426
443 153
112 118
839 411
926 339
799 348
950 398
933 670
55 657
190 506
150 382
207 390
563 716
527 157
292 848
833 275
275 276
428 739
746 268
502 673
959 302
373 909
52 306
579 108
315 121
614 465
856 174
855 771
890 734
929 535
583 762
810 210
391 590
949 137
210 451
810 169
105 535
78 510
841 10
970 157
483 936
974 339
110 182
111 353
916 40
888 851
154 50
61 545
640 362
35 203
166 197
372 623
733 803
485 926
165 455
83 648
392 58
340 502
240 451
207 508
843 95
360 349
497 421
895 490
136 282
693 654
831 417
277 564
572 115
491 737
570 926
738 314
336 78
169 576
881 376
437 76
824 797
425 321
570 672
163 706
954 856
360 786
626 990
702 198
105 545
288 27
472 378
342 808
808 511
737 689
887 174
765 63
971 542
737 541
215 900
600 521
109 312
659 735
302 362
285 759
907 925
139 379
655 481
540 463
344 277
152 231
803 269
647 774
812 384
667 379
284 267
900 393
580 560
480 234
274 118
346 181
395 485
913 51
966 453
514 310
82 19
893 885
288 892
11 452
276 678
831 561
946 84
306 878
644 139
112 918
609 458
451 4
943 716
407 261
521 922
923 603
941 169
840 581
61 851
386 690
882 569
603 828
653 909
58 649
400 170
567 361
981 371
366 276
87 773
890 609
47 813
564 340
334 757
274 396
960 660
438 842
229 41
22 235
950 80
884 703
251 804
64 584
175 782
860 614
908 750
575 307
916 492
648 250
249 922
998 209
934 436
52 515
477 74
750 780
507 635
835 758
439 251
694 966
34 554
580 294
657 508
601 925
0 249
527 249
523 526
458 457
314 862
973 144
289 75
276 796
710 111
906 501
362 600
467 748
506 400
42 515
908 996
440 908
597 968
157 121
846 967
930 512
182 255
656 471
331 932
267 393
395 525
895 110
477 362
210 983
762 605
851 670
601 291
578 198
611 87
671 809
407 602
322 589
209 978
60 892
263 679
286 10
204 181
120 33
895 683
368 10
288 219
680 241
863 611
439 474
50 463
284 457
417 958
46 626
936 106
519 551
137 157
562 693
690 34
726 585
69 95
595 357
314 628
598 529
591 390
4 641
853 640
99 622
950 145
248 886
604 119
790 93
276 704
787 318
90 513
904 160
608 851
869 275
479 820
804 70
210 160
712 415
152 163
37 102
660 637
341 616
109 483
710 385
187 497
56 277
10 960
789 971
811 659
598 643
479 754
713 41
915 777
808 419
292 197
522 953
834 215
569 943
698 279
681 237
776 89
866 139
49 656
462 212
667 60
855 146
814 921
539 81
50 699
501 343
896 375
296 82
942 217
378 640
497 411
229 625
500 95
116 901
103 578
113 770
990 321
268 157
242 807
238 292
858 91
635 754
818 283
189 760
501 567
752 350
330 333
975 830
429 444
83 532
374 196
303 365
869 923
874 111
731 112
756 941
556 743
696 726
27 237
839 880
156 591
230 486
925 557
668 706
1 751
590 376
299 245
93 169
169 967
632 252
431 740
193 987
484 241
66 863
478 905
743 634
848 325
472 125
882 140
831 236
243 422
964 895
667 57
416 836
24 48
440 455
141 634
795 625
875 213
840 354
118 935
988 966
260 813
444 494
953 275
730 549
49 694
444 69
103 860
257 127
260 698
935 401
332 82
378 559
295 218
913 413
153 254
731 765
67 175
260 372
803 342
921 204
389 717
625 492
929 883
620 190
933 907
943 617
989 322
176 284
892 442
49 398
696 132
163 115
308 775
487 463
118 761
667 507
478 293
999 408
528 971
950 461
878 893
430 867
567 606
503 812
48 552
210 96
685 725
211 345
501 51
160 971
812 827
478 642
472 829
402 0
801 352
813 31
598 243
899 517
202 754
329 602
659 891
699 696
617 262
41 118
313 201
441 125
380 919
768 853
100 170
205 901
875 371
933 825
614 184
342 168
290 24
771 949
915 470
645 884
732 38
2 398
591 795
523 972
714 643
177 815
166 734
68 393
105 353
218 72
889 912
240 180
936 363
129 204
185 775
88 270
165 443
668 757
238 543
729 305
187 258
120 705
992 540
98 98
894 668
170 783
580 762
315 517
126 445
73 311
572 161
581 737
604 249
494 843
793 575
148 332
833 620
37 826
512 487
276 406
155 798
542 735
560 857
604 38
654 29
350 578
191 283
316 147
885 162
990 30
90 490
362 923
462 751
101 975
238 729
381 745
527 275
832 88
485 789
126 491
818 828
70 361
112 738
509 349
252 499
379 342
342 741
618 804
844 71
779 434
801 513
179 328
140 363
768 977
152 247
469 323
427 539
684 891
629 193
240 881
45 619
224 387
712 842
543 556
913 323
990 66
188 521
747 680
885 867
658 389
466 127
712 894
18 397
137 647
942 378
528 987
349 752
374 62
946 918
618 212
593 961
278 781
482 377
813 719
245 471
109 63
598 173
957 616
922 447
263 865
825 144
852 174
896 227
588 195
497 207
407 442
520 37
575 2
767 388
74 12
860 183
75 458
708 385
427 631
832 42
496 9
186 348
535 435
927 124
982 776
683 389
218 203
778 793
205 545
182 631
909 394
814 337
852 875
74 631
506 258
26 2
267 212
702 154
999 982
278 981
110 961
722 329
164 501
474 722
398 8
353 308
402 520
997 607
395 71
238 901
329 616
255 596
829 309
102 180
643 381
162 754
694 236
435 859
89 261
933 488
270 638
148 24
158 145
631 905
216 222
158 897
838 765
845 19
75 947
552 70
328 66
176 23
302 611
234 392
225 519
232 847
157 380
871 668
877 855
573 445
429 84
342 619
849 187
991 276
134 543
347 463
609 523
838 263
487 424
655 712
943 887
911 452
619 782
120 496
989 46
941 418
130 635
390 331
822 381
608 957
276 955
772 885
830 962
148 317
386 156
381 681
395 292
133 15
427 606
863 416
652 157
187 134
792 577
465 615
310 73
924 586
380 696
823 211
658 971
880 396
479 614
77 875
906 210
242 333
168 457
102 172
614 641
306 759
570 124
726 880
197 650
818 930
698 641
141 708
964 373
104 444
987 181
671 246
743 913
579 912
370 33
84 337
674 743
96 244
867 822
476 416
824 294
346 522
287 839
230 252
565 334
48 552
867 71
798 962
984 730
874 706
115 311
395 790
406 491
386 273
665 863
41 489
509 740
363 797
931 593
401 496
279 801
401 146
872 199
461 208
281 335
266 397
998 662
187 756
153 925
381 171
788 423
12 650
163 376
447 94
321 200
943 601
1 344
99 225
895 560
433 177
248 699
574 598
713 113
355 219
390 736
390 179
159 402
829 674
130 628
121 452
828 416
405 181
760 504
406 655
417 191
184 17
242 758
615 956
223 970
175 614
59 565
145 570
319 326
597 450
306 718
254 486
134 659
667 246
515 425
253 932
616 438
301 210
548 917
166 124
239 341
738 650
258 235
221 930
913 818
732 571
888 986
57 374
645 76
620 512
501 225
797 469
663 98
679 212
367 198
336 607
539 426
609 150
13 830
80 926
0 164
497 888
150 906
262 147
982 234
659 835
460 456
656 475
907 687
687 274
885 375
233 777
801 843
927 166
673 359
92 674
523 941
914 25
199 529
172 181
115 183
368 927
992 376
403 899
64 442
525 301
818 759
78 971
602 357
138 627
68 582
653 943
876 568
968 75
449 492
609 564
676 977
844 20
706 247
919 770
689 796
423 859
555 854
183 509
211 321
489 632
255 142
575 131
62 544
207 511
36 168
428 64
497 272
84 203
871 355
325 912
152 749
772 59
603 307
569 166
628 58
798 883
552 726
367 967
270 926
830 658
94 258
723 591
882 159
795 753
515 120
18 19
221 142
78 824
449 999
343 77
409 493
312 314
219 679
281 841
957 111
500 51
722 575
643 604
734 438
710 601
910 728
620 132
870 51
308 319
402 651
748 812
497 412
126 716
92 759
910 49
870 762
453 592
337 96
549 423
886 259
377 796
339 997
280 209
400 589
880 803
592 628
967 441
40 93
158 484
204 420
886 74
182 691
19 871
787 568
294 25
179 671
173 870
21 454
431 421
395 311
576 339
291 543
781 683
988 291
520 192
711 758
267 245
449 638
116 236
558 410
261 89
434 786
959 455
240 390
228 987
701 805
327 344
700 460
379 689
751 899
881 814
657 500
411 458
490 527
694 48
937 307
137 723
446 96
530 686
486 759
674 539
916 353
235 968
813 615
657 916
514 891
82 524
743 493
982 234
20 29
634 309
688 772
385 134
220 915
173 59
26 199
598 294
552 186
263 717
801 272
985 667
515 419
191 259
912 526
845 284
907 479
945 595
251 682
82 824
598 255
883 976
454 833
271 358
19 886
427 820
158 412
840 674
831 383
285 95
909 130
731 816
609 28
764 213
711 846
389 661
453 272
637 259
105 260
969 477
146 396
649 657
808 489
683 991
873 968
438 782
450 169
951 411
197 67
976 260
265 365
921 718
637 911
329 95
171 298
572 318
694 221
327 854
711 10
845 584
330 283
718 780
804 21
191 1
88 168
614 705
885 535
423 523
798 104
618 970
402 542
640 448
763 967
302 826
977 147
410 307
782 481
439 586
854 982
940 295
150 554
0 388
441 776
911 240
880 881
210 635
775 850
83 538
169 386
365 498
533 127
805 668
960 596
254 815
578 194
462 81
748 462
469 190
238 732
782 471
965 992
106 740
194 189
278 363
575 995
861 461
475 18
129 435
614 383
602 544
930 416
625 678
879 94
220 469
178 354
292 143
346 398
883 892
940 514
607 867
861 820
328 336
838 809
124 804
545 726
701 475
143 326
505 374
773 78
195 951
432 488
447 131
238 330
375 178
196 983
46 58
803 726
394 994
536 518
150 433
597 851
908 92
178 765
818 303
843 13
606 628
853 53
759 92
384 134
622 932
469 20
990 273
747 737
619 635
255 769
68 204
621 328
296 151
93 466
454 289
480 412
917 685
466 28
129 202
514 752
134 984
124 125
609 871
862 228
858 469
349 278
26 970
606 674
473 52
141 279
341 973
692 610
658 158
638 788
712 504
892 846
488 16
323 449
240 537
677 98
359 379
729 385
701 687
59 175
739 200
454 432
173 498
394 184
8 384
972 720
889 864
919 377
232 242
179 472
132 208
571 491
587 300
228 289
987 287
464 79
840 270
863 365
121 258
549 129
642 873
850 531
89 769
261 322
363 792
794 847
0 717
690 588
369 918
229 709
558 693
140 398
315 3
115 436
261 665
918 256
890 768
139 980
889 752
302 252
544 448
452 545
518 142
133 887
61 362
948 619
407 88
369 74
92 484
863 705
501 781
961 392
901 101
724 790
853 26
394 398
826 846
295 344
989 428
584 402
142 532
373 901
621 94
975 65
930 190
770 432
971 732
176 224
185 900
14 390
278 761
140 456
607 435
801 948
215 737
702 357
269 75
610 242
169 938
307 100
128 78
884 452
162 412
676 699
664 691
441 942
804 582
750 763
369 551
712 585
640 766
294 910
842 905
152 363
843 460
815 323
890 51
775 52
463 452
103 127
495 544
421 651
126 172
414 496
75 478
433 716
245 79
978 87
336 130
802 179
942 618
855 184
669 630
588 485
434 691
964 281
236 386
932 714
910 347
562 985
825 347
701 422
427 679
509 763
162 664
295 456
634 150
641 655
132 229
140 919
273 105
200 509
843 133
575 753
832 138
738 9
485 792
432 264
823 293
28 337
957 323
794 591
825 787
599 957
368 739
876 641
196 429
502 39
914 78
144 746
568 235
107 405
379 539
670 202
185 50
892 494
373 38
86 198
825 685
507 193
776 736
187 325
165 689
364 79
119 861
177 39
96 284
445 827
176 467
29 361
517 273
855 242
311 293
792 136
330 299
682 459
387 869
784 552
910 500
983 382
361 160
421 809
797 866
636 325
685 18
686 202
643 893
444 955
539 236
443 221
888 125
680 275
346 816
180 609
317 163
991 30
324 412
192 473
631 180
798 316
550 836
519 194
729 315
149 620
904 592
842 792
70 874
419 416
691 599
25 360
763 16
390 439
781 934
912 412
115 62
728 665
898 599
211 979
915 360
600 819
305 794
963 375
668 734
791 711
334 169
71 449
185 814
888 318
748 152
730 215
566 459
233 464
410 444
443 325
805 395
496 110
541 811
485 210
546 628
273 232
797 345
681 335
159 569
653 259
73 384
475 639
195 708
455 605
152 250
283 309
998 131
419 539
943 256
101 841
885 375
73 34
720 754
369 231
675 23
490 100
759 965
91 954
25 546
911 530
796 546
839 794
678 259
686 973
867 787
166 752
162 239
139 882
345 508
113 372
883 956
472 642
273 915
948 299
461 212
829 609
758 20
756 788
631 442
761 499
229 927
603 744
518 742
626 863
251 92
587 486
400 411
481 673
326 429
324 139
993 505
749 752
526 857
540 157
299 654
656 880
581 612
624 452
354 603
315 957
47 903
444 447
666 925
120 993
706 797
132 700
302 233
804 828
90 696
338 741
702 346
974 636
958 950
88 313
553 755
270 600
10 66
399 677
991 872
670 50
669 154
102 323
388 906
152 478
954 842
572 657
188 546
645 147
496 733
460 402
488 82
354 851
149 754
528 492
626 198
542 647
704 644
970 92
902 474
571 209
316 495
218 857
41 863
4 889
948 816
291 788
898 646
639 399
752 167
892 730
717 786
377 422
783 347
514 685
174 437
246 842
932 464
699 325
679 703
215 627
519 858
416 770
504 55
169 256
575 61
338 292
200 715
66 983
415 581
20 589
370 267
783 655
83 483
980 115
186 547
742 58
406 510
828 910
918 997
519 493
411 857
137 963
925 204
946 340
137 318
281 507
937 64
162 21
899 143
136 438
690 230
496 96
93 676
359 11
25 230
856 436
439 993
751 364
549 49
56 686
368 689
194 305
106 356
678 5
851 166
443 894
397 291
342 842
967 53
853 993
283 61
781 75
54 533
791 604
582 848
290 950
889 836
608 995
545 286
353 396
453 796
642 202
88 985
44 55
38 249
400 674
310 182
749 716
715 540
320 649
740 963
600 630
151 560
977 696
846 330
445 651
479 87
205 919
72 249
974 111
850 727
785 160
909 886
877 624
426 549
273 519
864 225
149 368
785 478
64 984
809 861
987 640
949 193
559 373
794 885
484 645
612 621
157 521
507 386
497 286
288 123
805 504
348 306
872 486
784 289
822 945
150 809
585 99
2 496
473 149
382 309
794 994
283 303
868 142
690 365
780 978
488 937
482 189
243 707
675 380
996 849
325 146
658 263
598 13
759 423
162 141
84 308
488 367
611 356
862 301
721 642
631 562
580 466
751 175
173 778
555 169
627 233
667 285
848 265
650 607
40 812
101 125
120 941
844 84
297 58
737 370
53 369
284 633
835 35
160 8
165 716
529 792
301 196
430 149
814 80
108 206
245 561
683 717
502 880
801 151
938 539
874 991
260 158
976 95
194 137
455 359
205 336
504 858
532 934
359 698
366 467
905 611
29 940
329 883
820 130
35 759
21 909
102 281
67 431
728 613
920 183
325 477
871 181
335 404
115 694
454 833
161 711
445 542
652 774
778 824
256 813
935 278
74 38
911 493
469 640
459 741
175 136
218 47
317 553
803 784
247 257
617 760
321 62
655 325
188 433
149 445
598 85
75 672
475 986
517 296
978 976
37 154
112 255
201 429
160 356
565 407
965 183
519 286
597 526
963 786
311 465
583 909
550 658
933 377
996 803
673 975
779 62
481 244
317 34
25 477
390 591
236 707
774 107
346 371
634 309
157 297
774 92
559 676
750 844
53 99
647 78
426 427
140 907
23 809
941 48
286 683
639 874
390 413
334 736
137 320
398 646
617 172
739 176
849 841
21 254
940 668
333 366
447 473
625 470
635 918
519 921
953 510
148 344
276 482
432 413
802 830
411 771
355 150
948 204
344 321
810 636
341 143
355 789
969 980
611 604
251 130
877 204
993 377
548 269
859 333
682 13
515 445
785 870
596 85
426 292
406 237
928 747
732 283
888 53
616 500
657 867
982 887
71 975
264 972
244 476
305 278
489 172
724 626
43 672
63 821
964 469
410 892
569 143
528 457
196 144
309 206
11 292
93 434
619 709
406 864
185 63
142 27
236 218
653 631
890 717
452 206
538 863
451 459
358 979
269 906
475 578
112 838
222 557
272 842
267 679
706 452
94 200
479 330
771 485
961 661
554 766
868 92
981 319
552 339
650 821
597 125
751 710
963 974
267 587
816 534
618 874
339 713
426 170
43 197
655 357
211 209
475 79
654 456
750 558
147 752
731 744
229 482
806 544
456 426
131 624
312 750
850 651
463 277
822 858
474 829
567 685
39 42
116 693
850 218
603 349
322 334
446 551
816 252
95 625
678 579
601 343
329 452
994 144
81 168
2 555
998 570
593 389
964 61
434 167
632 37
516 954
371 962
858 539
567 953
516 597
532 118
940 213
922 287
357 3
455 360
910 453
282 855
842 598
917 628
765 901
665 634
855 36
948 713
928 515
19 444
465 903
914 405
117 188
692 474
191 500
186 102
305 468
309 500
419 226
128 536
479 794
170 687
182 119
752 110
986 771
907 451
675 173
209 792
362 253
618 905
753 805
359 59
625 669
911 44
247 39
933 727
833 103
414 368
574 166
830 561
290 89
364 965
263 573
109 977
179 79
882 932
884 242
343 862
263 254
258 510
646 191
237 831
295 3
199 869
170 382
782 460
471 147
777 734
72 238
63 251
317 298
536 554
892 231
416 155
838 26
665 484
218 255
315 865
258 867
86 780
249 869
592 720
368 721
807 440
959 222
692 629
520 228
183 412
811 951
567 649
329 585
133 547
192 801
764 802
668 851
583 269
72 527
341 440
249 148
880 208
371 924
189 891
504 372
656 316
675 223
965 5
160 451
904 352
252 669
155 272
872 90
541 944
617 882
736 866
383 616
427 106
893 616
349 397
341 5
713 16
581 31
373 741
482 278
446 86
299 953
358 523
43 251
467 660
485 555
879 868
171 306
974 416
922 324
814 615
681 879
632 262
262 357
356 96
987 802
182 286
755 892
161 150
495 980
162 981
535 41
201 707
699 528
123 974
204 289
589 885
521 573
500 783
931 856
880 918
658 62
557 765
307 718
915 802
699 77
783 234
471 337
293 170
865 769
144 421
58 734
658 579
307 158
715 238
14 595
509 24
657 66
789 316
136 704
119 835
134 254
422 605
591 67
775 808
836 920
229 247
6 888
178 313
398 893
904 413
488 765
437 498
183 227
166 319
283 285
507 769
540 281
374 483
348 502
292 185
774 873
784 132
113 962
445 512
208 701
925 48
818 714
898 1
941 65
673 577
350 532
698 242
813 425
726 161
927 370
698 53
243 834
185 357
149 982
221 357
36 146
757 854
860 656
208 154
73 881
83 423
413 781
18 578
558 744
91 485
466 790
890 709
976 75
418 125
410 639
482 446
137 592
652 350
248 860
504 321
93 939
96 858
72 114
436 631
210 528
468 676
670 359
738 646
786 156
124 548
148 958
994 285
550 999
635 798
859 491
471 305
782 920
163 207
386 952
838 949
480 658
625 502
369 715
500 156
224 624
704 372
583 51
9 133
402 997
284 613
840 107
918 975
27 82
182 414
386 20
363 866
30 340
720 400
408 220
556 632
197 612
356 780
15 717
265 417
714 901
31 907
9 301
882 388
735 64
154 121
436 869
339 466
562 59
866 970
632 774
954 829
739 662
961 106
379 578
876 446
480 907
353 841
560 587
581 296
3 736
417 791
605 757
257 519
168 476
489 800
602 795
629 341
457 942
448 837
521 324
635 353
583 340
546 495
927 127
791 930
863 209
73 821
318 330
340 486
158 182
287 761
977 268
454 435
563 902
272 436
578 907
789 513
247 335
9 526
814 152
808 678
361 881
851 31
563 191
518 722
373 157
483 351
777 289
138 340
192 410
128 122
669 917
988 268
604 997
146 771
149 954
449 863
187 300
246 750
843 116
824 217
625 659
920 403
949 58
95 493
820 224
615 841
493 955
109 450
304 607
221 806
913 22
21 100
322 267
202 517
384 27
734 9
686 6
764 987
64 212
480 236
436 448
77 281
403 538
731 708
145 304
866 58
326 887
510 0
154 713
518 890
740 604
252 778
963 16
118 379
228 598
616 16
398 693
298 802
584 381
862 729
38 728
140 716
615 650
717 121
715 587
12 455
543 264
586 858
632 704
238 861
654 854
229 53
899 879
207 835
261 421
917 651
501 57
367 468
59 436
589 775
375 953
582 919
569 520
777 202
576 367
415 231
573 996
636 473
876 195
660 489
616 577
140 469
634 507
937 46
944 878
821 319
184 403
590 105
276 720
659 852
87 74
83 661
71 71
486 299
266 146
788 234
76 928
55 62
435 344
108 731
223 281
403 759
37 993
864 313
65 524
165 505
950 601
166 373
672 4
672 291
502 460
525 578
740 581
993 176
925 101
259 500
383 662
611 420
8 828
733 73
704 250
578 6
851 96
380 524
452 404
167 955
217 692
885 957
625 878
485 903
332 745
403 67
407 367
487 767
195 572
193 899
822 123
905 26
220 637
902 672
42 69
979 611
113 217
568 739
447 54
642 779
799 397
198 558
764 685
678 959
609 871
210 784
994 468
810 566
105 64
591 499
133 922
110 246
139 31
337 939
85 979
70 236
729 269
146 493
306 176
805 916
47 15
52 394
483 214
960 941
278 903
440 763
826 903
361 317
286 699
256 723
30 679
959 759
948 457
605 606
634 410
874 33
425 926
427 261
492 740
202 122
643 994
885 821
249 599
139 535
298 747
258 680
426 569
792 726
379 397
333 13
807 207
46 584
486 826
845 978
566 399
101 561
746 338
383 347
937 874
883 587
621 493
620 48
415 412
126 794
809 459
159 968
19 557
904 505
383 750
835 301
501 288
215 599
627 598
947 916
472 182
856 93
27 476
493 442
240 972
588 401
431 747
369 802
305 273
307 688
375 143
342 229
431 557
828 410
507 127
679 979
309 535
424 689
363 270
131 603
242 720
4 25
819 725
828 124
350 487
165 726
982 507
307 766
416 487
176 923
615 207
254 276
742 678
965 105
300 449
60 894
521 416
272 340
141 100
465 492
587 630
570 922
489 877
688 905
364 864
828 331
424 82
608 166
112 925
624 765
374 36
659 247
453 931
588 594
383 53
438 323
35 8
245 524
237 933
781 602
149 609
285 573
43 245
92 507
171 68
272 897
104 284
145 557
567 85
152 303
138 590
626 525
951 223
401 188
508 182
142 657
143 428
583 186
673 27
45 196
95 670
446 199
306 591
757 225
676 261
528 166
203 506
43 154
81 444
695 589
626 837
599 121
617 182
659 643
209 704
839 304
374 285
503 32
228 612
258 256
873 786
774 77
645 817
583 726
613 278
316 591
468 915
712 85
449 371
728 10
428 920
314 802
205 169
187 786
134 445
42 7
231 817
436 228
986 372
955 600
650 623
191 470
538 904
556 339
627 636
349 55
556 15
210 762
536 397
548 670
842 942
30 425
759 818
654 98
190 961
698 193
584 241
663 474
145 219
813 125
856 514
532 764
529 742
878 417
491 778
88 685
721 470
111 832
640 117
930 831
78 980
24 14
222 39
488 719
611 653
844 819
167 377
583 48
471 462
465 963
240 905
648 313
727 111
146 368
580 428
199 10
409 575
24 631
966 864
350 577
517 547
396 36
924 980
84 747
442 902
710 34
159 711
348 887
822 494
255 755
922 806
765 683
733 790
314 699
654 17
277 524
564 25
912 840
5 997
587 799
251 650
834 410
361 182
649 535
28 256
290 302
414 56
986 147
198 652
199 852
669 828
728 585
853 641
425 211
990 13
10 241
663 844
3 376
378 653
911 406
909 202
61 676
610 47
823 808
699 374
12 721
554 741
306 408
734 84
971 724
97 981
317 112
826 672
488 556
677 751
315 939
305 376
615 915
423 790
723 474
165 736
547 71
829 206
831 563
290 802
639 739
784 308
203 962
980 43
518 658
794 833
597 100
209 212
15 984
2 91
811 519
827 710
591 8
916 422
571 206
225 210
297 9
518 500
323 850
543 841
508 338
27 457
790 236
21 157
573 24
248 736
895 75
446 486
435 363
261 6
921 486
568 219
847 438
71 170
289 615
363 149
305 390
959 95
979 980
252 552
4 501
288 900
928 86
738 364
801 999
722 723
837 291
294 684
81 365
206 722
980 570
872 637
960 183
732 939
163 337
843 168
838 483
420 118
570 510
834 723
510 557
446 347
200 92
384 281
458 590
4 790
160 228
428 473
411 512
412 574
849 608
94 39
443 866
158 13
377 992
737 239
549 535
586 101
980 322
383 790
913 739
580 425
319 360
898 82
225 663
8 74
271 455
466 714
321 624
80 50
968 169
289 870
56 228
971 36
550 706
826 463
445 759
889 116
471 787
198 696
450 559
123 73
14 589
140 687
565 572
738 533
741 27
403 149
255 727
186 806
433 364
621 231
123 510
347 595
650 898
643 452
457 766
526 823
707 18
510 272
590 248
806 683
628 561
832 883
288 370
689 722
735 663
953 210
173 652
157 175
550 801
628 359
919 506
534 627
524 45
899 466
645 705
149 273
267 333
157 907
704 198
629 791
861 582
1 387
235 159
562 137
960 190
497 231
48 31
858 572
428 110
390 74
815 539
347 434
225 856
342 929
407 323
720 620
258 721
7 493
232 570
982 544
112 831
776 161
215 634
85 643
744 476
69 912
367 769
698 592
977 392
521 384
68 593
5 326
667 364
171 899
286 153
796 399
985 572
912 200
558 349
195 655
825 617
919 193
386 969
137 363
362 11
100 782
604 457
108 623
821 279
875 108
432 671
859 769
595 123
321 153
472 517
160 650
134 79
843 872
49 332
587 763
343 39
545 300
496 653
923 670
932 798
778 716
821 989
486 416
464 807
570 936
676 82
586 162
162 781
386 563
114 974
326 457
365 223
109 862
228 33
532 160
183 662
228 5
3 66
421 467
226 343
755 902
426 342
417 588
475 803
503 941
129 829
751 495
52 860
709 280
893 593
792 77
255 372
82 258
439 855
77 665
551 832
919 977
526 688
917 2
492 420
295 973
601 46
820 5
907 529
637 800
122 781
229 729
153 663
339 944
871 416
961 422
601 881
399 127
569 668
481 413
440 777
739 41
823 559
46 82
441 683
235 915
816 464
645 969
480 336
266 351
105 227
773 706
460 524
185 382
544 667
147 984
796 886
25 971
798 423
54 239
106 289
506 922
105 503
243 937
840 509
288 945
89 413
3 549
289 188
931 833
207 431
169 355
317 194
327 115
617 733
706 75
374 213
349 479
68 945
769 908
806 57
205 895
823 208
797 464
749 80
650 308
511 819
664 181
366 343
296 335
76 355
411 450
920 112
281 988
409 402
249 216
812 806
463 635
367 260
451 116
693 101
776 204
273 440
385 639
135 34
974 211
741 737
13 661
202 647
1 611
49 602
179 861
409 643
848 776
255 300
244 948
753 372
153 26
813 890
665 948
276 992
512 17
729 877
30 931
876 384
895 926
986 74
139 747
69 340
875 325
992 471
273 745
844 778
124 9
669 789
957 945
133 821
963 215
699 345
498 575
729 393
853 716
820 345
815 889
685 691
214 677
162 488
774 6
266 898
15 287
40 325
585 173
498 900
388 197
245 887
125 975
632 330
43 452
675 858
342 712
901 556
389 64
396 516
422 15
414 790
654 454
115 239
628 613
139 368
163 385
255 640
712 888
322 107
340 998
317 34
62 219
591 804
635 339
320 57
354 734
847 9
189 314
600 169
280 740
537 795
477 145
435 541
33 757
648 725
107 965
760 170
536 703
974 171
394 646
229 101
380 428
110 569
743 710
90 23
802 628
818 279
773 605
172 158
714 820
235 822
138 347
344 26
402 670
198 797
316 779
898 48
207 360
618 302
422 60
677 225
688 847
856 813
804 29
323 519
201 559
693 691
906 389
718 309
59 268
458 727
47 356
775 606
716 745
261 490
806 938
715 846
138 924
12 942
953 335
813 506
246 506
198 505
895 268
166 306
536 624
385 583
980 513
541 48
258 802
538 416
93 606
615 583
882 627
525 187
314 339
693 561
197 243
418 445
511 584
103 399
208 489
334 540
2 876
940 612
30 830
29 123
436 996
706 318
623 584
505 289
275 551
202 472
794 620
269 658
204 373
57 764
214 392
304 568
268 244
180 650
75 561
774 863
557 832
534 532
768 391
822 43
942 376
868 89
997 137
747 553
510 804
318 76
548 622
644 168
219 825
819 646
386 945
509 296
777 43
828 546
435 650
941 729
27 809
818 376
947 917
929 809
74 599
886 622
574 530
791 793
355 962
439 94
907 300
390 36
696 570
934 483
573 876
212 952
685 383
328 984
300 609
794 374
209 32
349 135
562 140
280 270
102 71
716 361
371 458
397 419
28 332
902 601
560 467
553 597
850 233
582 150
195 728
877 756
760 226
891 322
718 171
944 172
242 660
533 965
118 282
385 499
966 287
452 526
754 358
476 956
943 58
107 138
138 336
894 250
562 137
924 280
308 869
804 902
881 337
220 352
619 605
851 938
244 303
464 351
13 292
307 957
702 766
95 840
102 342
90 16
479 15
648 788
884 452
42 117
789 262
469 761
219 320
51 816
976 515
167 989
808 826
298 510
593 394
703 47
736 793
416 567
160 64
707 396
869 750
514 10
364 983
123 584
656 174
400 984
690 919
325 850
745 624
712 690
370 767
90 458
913 858
25 73
922 733
822 143
483 336
154 199
671 277
783 327
452 535
663 494
806 989
696 552
613 760
594 983
528 684
441 793
542 466
866 817
551 40
960 34
376 466
586 400
744 721
79 548
257 743
42 63
732 90
967 345
850 562
680 730
598 473
523 493
939 742
662 491
782 974
877 511
441 463
911 537
537 990
85 794
733 127
209 817
569 529
514 419
443 194
150 393
667 673
886 959
415 900
802 550
875 31
61 316
847 972
853 384
314 290
530 400
417 739
217 986
620 732
757 63
278 259
457 946
285 695
257 52
596 59
602 823
90 663
139 937
635 344
673 302
634 203
702 403
295 919
741 915
651 850
331 282
110 140
580 395
835 837
447 783
248 50
606 690
713 97
628 701
793 653
3 427
857 705
182 152
976 923
67 980
126 750
262 236
890 842
631 78
679 78
861 927
480 820
617 546
917 597
247 711
251 602
490 460
659 25
612 635
948 31
615 426
782 229
662 672
71 293
750 102
724 964
381 204
784 351
750 53
300 349
116 903
951 959
363 962
984 975
598 284
7 565
711 141
147 373
813 218
19 916
673 743
880 54
947 16
757 50
421 58
399 538
961 703
497 325
665 833
652 615
117 11
533 828
152 680
202 318
250 221
234 923
316 466
330 263
834 87
665 255
145 65
145 459
120 642
136 785
475 140
753 945
152 286
773 656
966 327
326 568
900 560
844 216
378 174
832 212
613 497
820 759
914 965
570 34
960 706
172 787
846 925
732 350
211 858
7 529
185 333
97 86
246 941
302 976
467 134
541 81
984 361
192 898
678 762
933 638
820 105
778 18
30 510
369 593
368 728
474 906
413 571
992 11
865 646
340 684
781 881
765 117
594 957
15 624
71 300
263 891
405 393
910 787
255 631
732 624
359 206
882 124
778 874
136 995
520 476
679 653
709 797
770 303
754 138
927 178
438 542
421 196
935 331
983 191
314 716
167 25
922 49
150 52
275 286
399 147
114 431
153 823
228 275
478 982
413 757
512 204
652 934
400 939
617 383
482 932
451 649
957 726
50 459
778 677
745 530
177 211
961 330
386 189
605 864
523 371
622 36
575 274
970 327
213 587
710 48
871 514
697 181
240 100
640 370
129 738
900 306
949 861
636 336
402 594
552 926
317 526
962 244
800 284
571 366
223 633
414 447
147 463
628 739
915 268
110 45
358 362
703 308
224 692
996 626
638 548
904 955
75 218
199 227
502 122
945 78
755 711
525 255
527 505
994 442
125 104
839 484
467 895
144 43
587 140
21 225
40 926
532 115
496 731
695 351
205 640
429 960
704 306
567 231
811 562
25 288
666 217
772 485
112 916
880 51
56 902
276 97
180 808
564 676
891 259
27 96
252 808
408 956
114 976
187 277
890 564
566 908
781 690
394 245
607 274
296 15
528 572
464 60
732 381
737 623
992 116
71 244
925 832
552 391
160 739
21 50
656 939
958 437
629 704
683 588
331 979
956 859
904 420
920 636
153 9
612 146
125 35
390 402
867 943
146 379
34 519
429 690
458 740
480 439
444 515
380 775
846 336
635 750
108 907
739 262
916 703
408 393
738 150
148 958
93 646
337 480
165 119
522 975
859 354
414 655
869 146
431 716
482 418
818 943
325 557
205 593
260 965
338 351
115 838
309 561
484 998
41 649
469 915
624 328
270 391
984 139
537 767
207 372
185 26
315 862
935 872
807 548
837 497
899 952
336 560
513 820
558 906
822 380
822 446
708 92
189 44
583 727
163 791
451 348
169 766
562 104
638 369
652 827
867 551
779 203
463 645
375 22
903 197
754 77
996 462
521 185
859 105
264 22
248 715
723 417
833 637
873 823
7 526
650 226
429 782
781 893
779 156
267 682
706 21
760 702
835 281
239 46
738 856
69 338
571 144
755 757
781 629
580 140
507 583
366 936
365 499
181 144
8 448
178 714
821 290
768 657
924 359
55 662
215 124
1 139
620 108
896 754
89 828
894 596
411 613
885 128
112 66
624 472
867 803
186 40
93 306
49 369
666 105
32 233
581 385
372 202
845 620
308 935
449 202
883 212
167 768
693 280
187 317
104 406
472 291
798 918
949 848
287 967
953 319
201 886
56 573
440 902
546 748
837 347
951 72
559 118
193 604
750 732
922 855
490 394
498 288
312 799
488 600
767 793
271 968
680 328
893 120
582 439
869 771
786 172
843 698
642 36
302 393
120 576
600 610
971 450
899 635
249 387
235 16
533 859
336 213
187 230
333 769
669 554
892 808
726 735
858 369
124 160
114 244
737 714
855 60
516 106
695 765
845 283
134 378
142 470
591 681
700 277
802 722
831 694
882 558
781 740
927 905
900 41
150 989
107 5
401 623
463 97
740 308
732 226
687 874
697 630
907 749
259 61
823 91
755 705
1 536
445 928
442 698
321 944
687 780
301 89
755 764
538 495
424 270
722 463
496 771
94 755
520 353
816 344
796 923
401 797
459 847
77 253
545 398
549 584
178 850
25 933
966 563
781 391
185 855
854 33
626 300
788 498
6 956
194 802
879 596
600 691
443 677
296 340
428 846
924 958
48 950
244 15
513 25
406 51
880 612
436 858
913 577
708 919
533 903
721 765
851 673
456 294
703 104
634 483
302 910
441 351
860 685
366 726
62 124
777 294
736 565
504 649
142 213
568 676
116 642
793 319
667 601
613 722
705 599
205 8
509 647
359 722
684 77
448 99
201 577
393 937
142 898
587 285
463 507
313 931
501 458
250 169
59 863
891 764
814 449
124 675
448 835
749 132
912 197
231 465
126 977
403 269
227 342
906 690
201 571
621 55
29 871
576 88
86 819
204 252
268 681
927 716
516 29
201 781
226 784
246 705
761 1
326 988
695 232
30 249
155 651
304 536
522 880
976 960
699 532
212 968
213 492
36 730
521 237
863 99
22 461
804 135
463 130
476 510
714 506
759 221
510 63
757 384
295 733
345 995
266 557
315 831
401 703
561 922
941 776
374 315
238 178
450 701
661 926
211 375
785 323
597 295
386 706
679 682
792 24
29 58
934 696
241 687
399 803
610 340
931 336
7 169
514 458
222 527
736 786
903 521
109 852
168 847
910 848
529 702
224 910
112 158
606 354
846 6
509 808
698 440
144 58
962 10
516 184
890 604
970 145
478 79
997 646
927 259
494 808
962 71
71 426
229 677
780 427
35 641
587 86
82 83
144 44
446 12
580 336
616 551
481 446
982 830
93 261
89 939
422 403
10 493
830 592
522 962
19 910
604 959
996 686
42 140
82 488
504 14
824 120
565 657
919 900
487 12
513 929
303 287
684 314
132 514
906 655
477 277
565 81
236 913
119 631
53 553
119 909
567 296
381 485
953 300
737 793
312 602
74 616
890 758
282 22
273 540
677 102
169 594
535 758
507 654
389 912
559 508
821 126
156 203
963 110
855 700
255 520
303 329
136 545
87 770
567 712
662 597
814 831
543 349
589 51
355 330
315 914
839 489
393 347
44 356
457 899
409 64
419 64
393 907
609 481
677 528
193 339
477 360
523 21
709 464
424 65
795 91
331 986
580 724
333 624
433 791
876 194
207 295
258 601
203 219
434 232
99 979
924 577
339 799
950 401
263 374
818 58
817 149
44 398
226 378
374 11
521 250
205 728
898 815
681 453
34 115
685 133
447 961
62 138
760 12
539 24
738 357
82 556
859 479
954 437
857 680
448 378
931 5
106 829
820 788
282 854
255 319
339 702
633 402
841 393
766 732
769 505
442 204
413 653
683 719
90 540
399 538
918 330
895 376
511 715
516 145
921 124
465 260
178 98
14 19
843 133
104 613
990 546
817 403
199 500
122 289
392 521
179 662
204 74
38 67
141 907
213 62
31 678
322 561
128 689
581 971
822 37
584 812
583 753
567 134
605 689
775 997
562 306
659 118
732 50
186 873
309 399
935 692
77 609
253 557
650 186
528 472
223 465
636 158
570 555
292 176
244 67
525 159
373 537
277 457
939 463
330 600
862 265
292 291
227 897
200 877
84 729
702 659
546 690
818 116
246 462
644 842
882 522
1 607
411 279
65 350
94 395
950 309
13 594
952 240
843 153
117 927
234 171
939 780
862 109
248 108
571 245
950 453
119 304
61 530
935 126
232 381
521 534
690 886
128 643
126 971
148 596
251 382
119 542
514 981
651 114
441 222
711 744
676 830
48 89
712 983
215 944
364 88
478 407
327 958
402 805
282 550
401 533
284 873
75 150
854 78
264 296
300 328
40 328
158 440
417 871
775 984
167 491
425 646
898 752
604 652
557 886
554 311
771 838
184 198
988 390
276 605
38 929
933 430
257 443
870 27
666 997
363 834
489 140
480 739
892 84
392 802
323 298
465 94
137 649
645 477
391 921
82 430
850 367
860 460
811 83
839 477
80 202
311 569
343 143
661 587
580 405
741 903
703 206
349 192
207 994
670 599
916 104
381 118
472 241
930 635
676 769
464 757
324 128
678 19
271 691
606 851
96 348
106 800
906 808
992 114
802 14
713 70
119 94
189 943
687 119
930 364
241 746
473 565
874 151
584 498
843 542
701 939
890 808
91 149
968 436
263 770
802 976
841 921
422 382
216 461
853 498
825 94
245 298
659 119
802 595
969 645
138 671
936 380
831 380
529 799
816 792
569 618
120 762
892 542
496 460
356 350
959 181
796 204
832 456
675 634
403 645
279 541
668 567
922 499
947 803
650 115
596 571
86 68
686 330
963 182
790 319
532 101
500 329
305 332
137 333
318 540
330 949
434 998
517 708
849 464
511 851
932 107
422 18
176 108
348 139
291 490
458 175
592 310
856 249
995 345
582 313
238 264
263 672
614 132
732 463
596 243
314 880
703 89
250 231
197 950
370 840
441 180
368 385
842 576
634 837
922 569
503 512
833 118
536 448
250 268
263 198
863 930
79 566
19 329
797 568
280 519
761 73
51 129
458 894
705 444
83 979
13 938
843 199
56 731
999 306
999 262
857 863
544 936
781 563
617 579
484 249
98 245
322 150
374 132
396 431
577 479
763 590
418 958
141 826
690 140
485 41
755 342
904 299
278 38
215 247
617 699
497 67
944 171
569 670
304 965
453 881
797 216
823 567
527 965
393 217
457 878
258 564
220 515
216 850
553 783
450 522
482 947
589 778
118 159
800 422
476 253
655 273
822 479
840 349
796 586
566 605
464 176
170 37
691 738
239 596
521 689
118 355
988 60
133 107
219 933
881 695
538 537
321 360
16 161
61 164
747 627
769 564
156 291
953 199
29 192
796 902
234 266
257 222
326 742
681 545
27 563
593 566
100 914
278 468
427 340
632 527
319 753
91 475
45 396
675 426
940 823
329 174
89 586
397 416
681 430
313 708
993 906
626 445
172 905
265 600
597 897
127 916
3 570
744 400
966 771
826 906
594 507
433 35
446 182
451 127
612 117
835 606
23 814
403 548
719 669
148 316
918 627
584 921
549 680
321 515
451 500
773 397
7 206
433 453
740 236
932 353
353 120
311 729
934 714
629 653
735 129
321 654
756 257
927 657
938 601
524 741
101 297
139 460
856 924
266 948
512 198
301 866
318 964
947 252
679 576
257 766
705 930
420 813
540 700
470 478
301 994
219 754
643 710
566 851
634 832
800 147
383 453
365 701
418 664
306 449
592 563
215 649
846 988
814 386
688 284
216 341
630 435
447 625
498 13
477 132
198 629
631 581
82 348
634 500
12 940
301 604
856 517
605 702
505 419
440 545
703 656
238 685
443 685
663 941
50 140
426 248
121 409
181 203
758 816
56 770
108 357
727 964
226 332
18 731
752 810
628 807
466 866
845 262
903 508
555 954
0 333
554 121
743 736
676 501
904 84
623 12
794 350
329 20
35 347
104 787
158 732
946 976
951 791
590 854
299 146
808 299
479 363
772 574
451 449
75 355
885 699
719 679
401 48
700 436
748 804
575 258
888 874
234 839
665 177
46 317
323 854
968 154
569 741
729 372
542 156
79 427
207 799
107 609
199 159
397 947
963 325
205 203
199 792
43 216
969 441
533 644
647 502
150 217
595 231
941 137
388 21
916 595
172 23
556 371
182 306
319 497
631 876
701 182
668 96
398 637
537 284
633 536
138 784
753 85
15 47
222 755
68 490
351 592
866 259
963 48
565 634
898 548
511 951
730 179
399 481
169 288
765 154
824 255
290 930
340 306
977 914
61 397
404 764
989 270
24 304
671 589
939 921
138 802
872 220
333 623
701 854
911 818
9 87
73 299
17 765
957 346
679 371
95 436
135 436
58 511
741 81
453 32
2 943
186 226
163 519
849 865
374 112
35 735
200 461
386 569
226 696
916 258
67 11
46 202
448 104
66 541
186 519
925 540
462 111
767 625
630 968
842 356
81 878
443 633
691 182
202 917
878 118
527 945
482 573
499 282
30 565
823 216
84 748
756 546
211 875
524 193
844 718
550 277
948 345
910 639
527 112
557 405
583 436
702 65
10 202
347 392
767 522
608 204
622 716
102 833
944 626
378 788
345 280
65 293
626 327
933 505
439 842
263 22
278 965
439 640
167 138
32 287
12 992
491 634
61 593
819 5
572 198
145 269
478 562
562 456
889 847
962 680
41 225
703 672
542 494
664 710
633 49
997 645
41 840
632 454
433 803
811 357
353 956
626 184
870 189
640 759
388 954
440 782
531 495
454 74
989 470
136 974
519 133
620 913
325 604
367 110
407 179
468 761
487 94
945 358
635 937
469 24
892 261
158 775
756 612
849 98
82 985
72 954
470 44
867 795
648 234
906 56
765 374
169 253
820 466
611 456
403 432
832 647
694 990
775 802
954 976
900 388
962 325
342 784
369 209
932 18
796 190
426 561
564 947
814 736
765 777
192 520
562 376
168 256
366 295
58 672
271 311
61 233
636 755
370 5
317 302
375 113
492 153
26 408
452 193
144 217
970 689
738 532
65 258
140 784
553 551
808 824
862 221
410 498
977 132
855 646
434 583
759 278
736 137
38 541
330 534
758 653
223 848
537 641
106 678
777 11
229 585
188 91
807 950
941 784
82 796
782 868
379 541
498 468
30 536
9 361
70 119
14 646
968 551
287 426
581 416
790 810
1 978
253 808
928 194
944 362
343 726
230 74
619 728
542 650
264 903
11 686
375 377
332 343
928 971
121 862
387 911
672 741
241 278
549 169
824 846
531 167
924 113
242 544
841 136
546 457
40 909
496 415
286 828
110 566
152 583
428 891
495 453
632 736
83 534
258 907
380 141
75 304
255 669
200 448
805 98
258 197
7 754
612 645
582 74
564 86
658 344
978 505
149 610
593 232
144 851
492 876
345 919
533 952
588 85
400 745
184 658
943 543
412 907
541 347
982 105
785 640
801 763
145 951
726 738
535 222
942 27
99 287
946 984
239 886
69 991
632 605
2 927
501 766
834 42
465 816
499 251
456 300
366 953
603 92
44 491
667 986
870 118
625 169
102 864
55 523
207 39
481 209
966 982
976 801
24 793
617 875
44 426
527 763
379 483
207 775
974 874
761 844
992 386
365 446
602 421
322 162
460 803
371 779
785 699
580 161
493 549
388 889
975 915
652 707
398 860
482 724
734 596
921 79
334 286
877 937
59 199
99 872
354 822
651 139
874 583
652 367
132 392
608 460
308 261
519 58
473 353
135 559
949 56
990 284
694 868
573 754
419 672
626 774
846 277
265 720
860 270
439 344
662 48
804 970
661 675
381 134
29 516
45 330
572 36
966 618
256 539
372 675
563 998
449 410
627 67
482 839
337 922
536 999
970 692
322 983
368 703
469 397
571 514
79 495
902 46
113 158
585 486
834 149
836 635
911 816
702 393
655 39
315 191
391 637
236 713
972 604
768 441
353 339
308 432
834 210
478 947
369 64
433 555
565 622
542 828
438 245
221 93
636 889
637 379
878 873
92 851
829 860
644 182
551 952
614 385
163 93
333 884
509 118
791 426
740 333
254 178
930 827
624 919
68 613
298 947
838 391
150 667
603 794
201 155
99 815
540 614
260 225
498 769
696 641
195 436
974 801
967 905
629 943
176 697
556 474
644 746
865 146
413 821
293 614
328 392
781 220
6 42
446 856
163 142
497 711
930 823
512 249
728 141
192 904
839 748
731 835
846 948
334 259
769 627
225 97
371 359
318 729
401 116
585 916
610 434
627 892
257 140
142 338
281 334
594 472
435 325
660 281
274 994
893 395
973 470
493 344
829 163
73 582
279 10
499 241
444 126
133 53
618 275
391 900
962 986
724 749
663 736
30 937
730 275
333 703
98 178
399 927
341 824
862 972
834 361
213 630
839 346
684 458
974 75
710 936
413 434
685 77
171 67
366 253
343 699
309 441
229 708
720 570
885 582
894 719
943 107
702 135
806 386
593 780
813 303
716 227
737 753
656 260
820 22
514 515
74 175
308 303
235 29
874 120
963 768
840 259
228 894
394 34
280 987
814 93
290 882
672 379
635 328
640 455
351 506
971 425
33 279
728 268
660 954
389 624
75 581
883 655
475 277
689 755
616 503
200 906
737 873
285 372
553 277
827 904
135 150
681 168
430 762
437 442
68 826
66 143
759 301
798 234
930 839
341 546
694 541
804 431
766 442
803 320
719 983
576 207
133 610
375 915
372 164
358 440
342 776
936 101
430 734
335 360
926 28
259 620
570 63
52 688
505 207
360 577
190 937
784 324
899 511
591 271
676 949
63 370
78 999
472 508
86 159
868 12
540 127
632 110
543 36
150 48
244 511
625 434
800 761
758 699
273 350
970 301
651 385
23 729
385 847
589 471
359 458
483 899
937 467
361 480
504 511
881 748
22 506
182 174
620 293
873 245
995 195
898 998
581 921
80 318
769 669
789 128
479 624
27 769
91 388
249 947
251 482
47 626
341 582
800 961
227 26
206 222
221 456
572 154
377 4
472 498
674 261
626 505
237 5
274 681
745 876
628 997
710 676
975 51
258 775
12 485
801 570
59 375
26 983
529 756
988 2
254 14
615 233
871 205
590 498
886 688
726 866
685 436
894 660
488 504
787 852
341 589
775 400
964 153
736 845
909 76
847 516
90 815
749 313
20 691
811 258
379 537
124 416
974 19
428 814
523 216
18 865
157 793
617 473
947 353
318 208
781 166
724 871
333 473
537 353
517 348
611 896
238 87
313 212
106 741
378 982
309 396
847 466
190 816
939 489
522 258
697 303
776 422
527 109
247 64
814 764
412 777
13 650
864 326
214 323
419 592
305 81
341 152
547 883
968 839
372 842
449 421
146 577
843 673
686 443
737 852
207 149
981 220
152 845
898 366
520 670
311 825
751 4
329 650
887 650
489 611
492 938
32 638
867 876
311 905
671 48
757 878
550 738
451 702
936 701
420 456
371 731
634 122
735 963
773 974
613 614
585 106
905 618
96 772
846 408
678 517
808 787
747 710
878 550
412 814
252 185
622 975
268 608
450 356
572 575
330 537
189 268
643 446
238 740
219 84
500 249
953 660
36 52
371 914
603 135
80 207
320 55
534 589
663 984
945 587
559 627
125 101
895 768
547 133
860 118
569 712
367 874
373 404
927 744
318 882
231 399
441 552
806 975
493 469
312 790
57 871
417 182
324 665
302 872
798 515
990 720
579 358
594 952
114 521
48 432
403 280
183 196
184 989
172 677
811 484
467 220
707 236
754 32
901 56
256 52
923 598
772 503
308 366
807 422
240 856
855 995
488 390
192 672
732 364
701 543
200 520
763 907
756 869
291 658
925 899
62 201
498 834
704 806
552 863
229 792
719 436
788 559
826 980
583 558
696 284
453 248
156 568
507 913
437 799
923 715
50 985
916 548
819 972
707 723
835 936
516 907
724 304
466 550
636 402
461 684
686 914
284 843
835 791
108 624
942 31
339 993
368 607
893 539
931 600
262 767
536 778
26 260
434 844
163 422
246 976
458 285
242 742
128 77
534 588
702 828
971 393
821 339
1 715
230 932
315 492
51 204
623 429
816 57
274 331
832 520
307 290
805 550
33 285
979 919
225 681
747 196
75 921
535 428
988 765
712 655
610 764
859 233
193 28
642 819
711 474
340 19
117 497
921 502
135 900
421 360
582 520
557 9
441 444
789 429
562 501
85 524
617 296
757 811
676 751
630 388
226 322
759 343
172 680
197 307
580 618
667 514
138 576
523 932
373 312
713 287
166 150
811 783
799 920
594 475
671 577
215 249
251 974
944 423
654 141
730 235
759 750
749 250
678 625
534 403
289 247
690 455
398 501
239 197
773 185
24 445
114 240
694 366
214 639
141 221
780 224
456 892
974 557
494 4
534 28
408 824
627 98
631 377
952 222
926 725
760 951
522 226
543 569
944 109
560 86
330 692
310 138
936 636
696 430
640 582
810 48
406 438
499 390
167 803
612 94
880 724
397 403
951 292
324 895
401 884
333 732
576 643
222 513
631 270
295 272
853 106
672 259
896 171
1 63
974 966
509 855
690 258
610 993
550 934
241 952
818 574
36 746
570 610
259 201
881 555
473 734
13 498
345 909
669 347
324 996
665 834
851 707
92 813
701 643
747 942
947 917
868 335
663 438
945 275
992 826
182 817
912 195
315 258
456 985
957 780
333 622
614 536
329 59
349 382
54 96
676 1
365 545
688 28
335 985
655 327
164 837
497 76
384 812
334 840
149 643
973 482
265 939
18 595
998 367
977 52
815 6
405 180
551 445
561 238
431 216
918 947
406 415
23 790
227 710
983 377
353 956
859 619
895 230
566 246
597 895
650 765
901 408
945 804
853 858
43 636
75 961
583 481
376 607
623 603
669 606
332 22
914 192
993 162
422 911
760 371
807 410
136 60
818 434
865 24
292 260
12 719
221 596
552 949
555 528
904 224
486 237
598 401
781 592
915 555
503 675
926 662
437 415
723 608
201 940
632 845
200 996
565 773
592 469
722 147
997 626
723 484
863 322
237 996
266 504
551 121
179 830
784 968
597 859
576 798
151 560
643 351
557 560
476 501
382 198
649 379
176 724
215 392
46 804
388 664
308 292
786 839
122 570
808 719
781 736
517 932
297 512
635 206
73 463
707 455
661 708
186 189
433 754
933 831
910 322
496 219
614 634
410 88
204 570
807 337
307 676
621 956
540 256
162 965
719 221
772 732
282 959
273 715
65 207
898 975
881 746
546 495
380 957
935 936
527 94
273 186
770 894
142 662
502 656
628 573
878 400
657 512
711 931
227 776
138 477
752 19
224 650
866 956
607 801
893 487
247 518
673 17
765 816
679 267
824 659
193 54
60 850
566 771
781 145
548 271
623 652
642 199
302 860
155 262
13 400
749 260
919 422
277 684
590 309
303 415
968 848
821 380
699 388
152 832
533 700
456 508
704 98
707 6
311 215
620 324
615 369
585 534
144 214
570 86
875 226
501 196
74 675
576 125
63 728
310 948
780 766
457 484
216 516
843 527
731 463
852 347
833 789
233 329
3 156
415 231
382 269
427 808
944 3
934 7
732 596
307 512
362 764
349 578
281 192
458 12
655 662
711 840
803 945
169 806
453 585
389 835
854 816
995 798
820 281
157 904
877 464
768 239
581 117
170 862
661 980
226 669
994 938
509 797
235 679
955 688
616 345
875 470
161 870
620 333
504 129
237 381
593 358
973 526
827 495
388 489
475 967
158 469
905 19
266 492
698 221
180 666
918 55
488 80
277 108
413 781
237 3
515 183
361 488
709 540
335 450
29 810
417 539
631 674
559 249
166 609
822 698
628 741
105 116
173 734
225 586
516 814
941 383
349 654
223 411
195 558
213 576
720 982
468 703
656 27
952 174
988 126
872 616
219 329
733 392
63 310
331 931
476 272
314 826
279 537
589 474
447 802
50 167
784 518
870 792
897 174
966 238
653 190
854 872
519 939
617 582
601 948
514 78
572 828
256 851
718 845
677 165
647 80
333 783
598 555
575 848
730 541
86 383
731 292
607 602
584 224
184 185
524 50
615 449
231 871
652 949
716 330
466 715
410 151
850 360
707 425
208 789
318 646
172 401
939 131
3 875
356 540
60 232
590 28
681 821
899 686
770 968
16 589
35 778
740 886
138 447
311 347
588 982
345 112
383 636
244 739
511 952
279 924
184 869
952 218
43 203
904 165
171 272
754 207
50 495
93 188
294 756
887 883
90 233
995 826
869 239
565 733
543 196
9 80
65 961
298 108
516 554
274 688
826 380
247 876
875 692
64 522
800 304
405 891
537 752
717 758
344 634
843 887
830 852
967 247
165 265
356 682
171 982
722 997
714 969
873 590
661 290
112 461
594 869
704 483
621 421
593 965
55 437
853 237
641 820
485 807
438 193
841 609
175 563
607 241
884 832
831 545
122 295
358 68
164 415
551 138
836 145
103 244
934 308
481 575
129 966
734 919
159 575
880 686
490 839
280 374
672 111
919 146
759 630
215 275
45 118
413 233
263 869
829 197
177 663
125 658
981 859
577 493
435 810
531 925
649 811
300 673
275 571
820 34
553 387
309 598
505 75
184 121
944 13
318 121
28 443
780 10
303 709
503 90
519 34
15 169
198 667
194 473
239 14
507 144
753 168
743 259
595 279
380 539
292 50
13 321
846 793
683 501
854 186
591 374
572 958
895 770
978 89
243 569
456 102
713 209
623 456
820 218
87 200
758 380
603 771
53 449
916 88
302 770
274 245
496 198
203 743
969 533
185 564
102 641
667 816
850 290
272 23
508 712
575 618
92 178
741 497
979 9
585 281
132 211
878 628
409 434
724 730
967 909
295 70
550 314
886 752
956 510
775 816
222 351
435 666
881 528
515 861
538 100
494 22
663 373
2 425
159 726
507 126
635 154
196 537
468 82
642 424
945 769
593 167
472 380
834 354
908 349
567 798
802 413
820 817
138 175
242 297
901 102
424 889
256 620
426 77
55 420
501 0
190 446
167 662
826 353
16 735
703 935
885 857
349 58
674 487
233 269
785 486
371 561
375 979
533 154
56 940
574 910
940 116
356 460
779 183
165 147
270 220
83 155
77 784
565 104
271 798
725 408
285 448
321 12
427 855
166 836
795 93
746 88
209 102
900 988
637 65
488 259
638 923
767 715
707 332
171 330
483 896
91 768
696 412
132 124
619 299
960 767
744 58
207 953
160 107
294 150
524 782
409 162
705 176
230 764
861 753
94 344
650 185
112 346
950 596
822 569
895 134
688 639
192 895
945 705
2 239
855 879
21 616
393 78
145 623
842 6
729 936
350 379
474 814
77 424
410 252
345 658
386 34
649 579
281 594
284 284
833 491
515 206
459 908
636 604
884 478
610 613
767 960
344 593
126 773
369 537
25 66
195 764
100 844
343 382
791 979
18 624
822 885
183 281
793 819
886 29
650 496
994 417
809 338
362 935
112 731
824 489
797 371
253 250
568 948
984 359
927 354
335 749
239 518
31 384
690 917
766 340
765 760
109 926
99 471
214 563
554 38
404 703
762 658
305 330
606 289
41 534
995 376
635 586
247 18
323 937
287 441
629 53
201 90
331 652
913 545
567 467
584 972
522 698
630 828
28 236
469 69
122 817
797 110
403 396
128 78
685 416
519 314
821 721
756 152
725 669
50 293
488 986
265 11
684 247
191 712
835 12
133 310
829 282
420 585
679 900
663 364
668 535
31 841
608 787
346 333
457 396
978 945
382 243
308 418
842 499
482 678
512 615
988 693
249 760
278 928
660 294
293 681
829 324
522 437
111 868
122 920
616 101
866 350
696 526
768 539
378 250
217 242
217 557
935 467
317 566
747 329
860 392
10 41
68 885
478 532
105 600
452 74
53 670
424 750
197 193
289 927
795 858
169 365
415 104
832 84
670 931
765 882
324 128
923 392
13 753
924 470
706 729
544 759
399 969
509 948
514 150
875 661
360 44
26 127
501 210
211 523
142 329
406 466
457 681
210 470
435 135
292 141
864 837
252 615
158 114
564 672
264 439
685 977
836 712
104 337
922 668
860 416
997 618
882 454
300 445
276 735
932 568
228 796
757 480
763 915
594 327
939 211
119 625
188 955
689 644
644 963
664 504
380 661
123 614
467 775
59 95
510 991
16 90
139 773
570 903
41 517
582 332
80 53
957 620
8 998
264 4
962 281
861 694
942 336
308 762
111 720
209 973
63 225
63 555
351 985
458 744
854 392
76 934
446 386
554 806
384 171
811 698
452 24
392 746
360 53
860 471
125 70
444 188
647 859
743 350
844 553
94 699
298 523
985 744
909 892
902 293
63 65
992 867
89 736
613 449
789 474
272 914
896 68
455 543
927 198
246 124
104 692
175 402
215 160
498 124
52 752
770 467
818 114
334 259
850 300
709 992
774 333
258 22
402 713
565 329
264 163
805 720
856 980
122 71
493 972
196 897
724 318
365 894
432 51
154 282
351 863
626 477
196 885
499 950
598 417
280 862
580 437
582 436
418 56
860 263
380 56
160 105
374 877
999 158
929 153
440 280
368 67
110 917
952 609
867 902
26 499
117 959
937 51
395 707
460 607
970 840
663 130
945 389
8 297
899 289
802 340
921 171
759 31
88 63
993 307
317 19
807 434
978 744
838 726
451 298
333 773
138 349
903 436
90 263
733 990
904 535
682 826
58 793
209 498
208 202
806 525
222 965
312 552
61 150
630 864
448 316
637 938
17 892
374 459
156 459
801 412
995 835
238 405
628 448
904 188
650 62
66 224
379 378
129 440
880 759
304 680
427 293
618 444
185 993
256 693
804 57
106 799
893 696
557 873
144 813
414 147
227 480
371 606
210 852
46 442
964 702
122 391
347 92
188 532
437 444
578 242
853 36
393 98
732 950
324 877
763 738
376 990
570 99
948 780
952 994
574 916
48 696
307 395
140 847
280 578
643 210
820 497
246 213
947 978
516 271
207 631
361 583
974 931
683 922
63 635
269 637
903 669
685 562
417 826
410 49
404 405
259 576
254 857
141 202
835 9
825 43
641 187
978 967
470 661
241 534
648 862
523 903
532 561
466 301
387 876
350 143
281 961
719 536
818 212
90 653
222 915
48 215
454 27
182 925
40 775
811 41
638 686
944 170
247 762
471 986
638 173
129 272
134 200
160 952
413 602
957 987
517 358
202 324
737 736
601 777
511 412
170 149
450 467
671 698
229 494
36 220
667 166
844 153
718 356
105 131
958 415
470 827
773 672
151 510
760 752
639 272
516 162
773 319
629 445
369 210
939 405
782 959
571 626
112 642
982 570
773 292
337 596
120 110
268 623
972 29
728 611
653 596
773 426
915 754
223 284
317 163
42 99
474 965
78 586
607 412
508 733
705 845
329 177
307 597
800 279
978 528
891 983
125 16
410 392
123 985
29 792
148 71
243 974
36 321
561 644
734 421
377 791
267 706
968 574
655 768
206 986
649 97
969 126
465 731
518 940
717 547
732 217
618 976
192 7
649 105
651 735
526 380
526 145
86 494
720 93
615 278
79 264
727 49
390 192
132 260
485 849
808 569
67 778
897 611
785 547
716 788
282 242
168 809
740 606
655 460
700 270
90 131
886 817
532 276
9 665
537 846
866 697
416 285
827 313
896 613
212 612
401 495
207 922
656 947
528 663
759 580
934 849
712 820
666 244
449 27
261 338
226 128
387 642
413 214
307 662
827 520
274 581
367 833
503 375
132 383
38 243
316 324
444 28
497 462
624 946
490 886
636 716
14 23
710 779
237 17
441 65
889 68
998 608
253 853
983 386
588 374
981 904
698 426
932 195
888 909
493 730
795 129
798 161
152 508
940 390
878 734
807 119
802 805
728 55
10 63
793 598
437 127
503 488
553 787
35 793
696 529
524 843
10 322
4 163
183 297
905 61
31 64
180 185
869 908
592 879
324 738
829 761
865 332
601 418
120 637
563 168
518 87
12 528
762 16
43 945
665 300
6 48
364 538
233 233
799 178
464 123
916 646
236 781
978 838
551 450
827 114
619 345
554 631
225 316
999 269
261 17
569 619
65 934
157 651
519 956
829 336
431 745
982 668
526 312
506 429
115 685
543 734
30 449
717 255
765 68
876 378
85 798
997 503
84 507
154 603
815 983
291 247
728 625
267 606
290 125
35 405
810 930
139 192
380 208
447 497
628 676
876 714
474 225
569 558
732 723
513 900
706 157
147 786
134 766
744 424
891 779
829 701
61 320
893 793
528 692
291 157
368 519
223 194
744 792
104 477
867 970
729 573
127 876
711 261
994 455
686 885
586 867
938 999
188 831
793 716
875 436
225 596
955 448
790 51
592 247
880 459
217 609
384 696
837 95
309 831
550 347
716 488
215 654
488 403
837 281
471 713
69 697
309 376
145 451
427 90
50 308
549 619
269 934
315 107
29 625
938 932
972 7
420 539
661 260
942 851
541 414
564 962
111 225
338 608
28 118
698 79
426 600
698 695
534 366
154 915
343 93
199 667
100 972
207 113
232 501
964 126
915 880
88 378
105 779
339 486
897 389
917 675
989 615
370 875
333 877
791 676
970 342
344 422
314 903
535 547
404 852
673 672
732 113
50 190
892 741
676 141
131 593
816 472
560 539
348 894
416 491
922 386
833 266
160 148
169 695
47 574
899 72
246 632
185 648
822 430
390 850
571 873
443 388
345 3
927 693
249 695
536 172
433 370
790 593
518 312
640 565
886 540
989 484
172 174
484 346
956 226
196 528
451 991
268 797
346 547
842 596
242 379
120 675
101 910
268 619
222 260
536 460
800 877
296 324
51 133
670 360
359 218
888 163
209 508
312 556
55 506
504 649
885 624
676 338
886 944
957 109
204 845
921 357
722 218
681 126
351 704
486 62
922 726
225 484
586 889
392 993
396 248
642 633
224 318
972 110
614 281
571 170
479 493
527 553
63 561
679 414
265 517
828 539
595 406
375 181
295 119
174 43
367 168
677 591
838 649
54 452
282 625
975 761
118 502
315 181
415 346
947 680
864 128
572 459
534 947
993 181
67 519
225 786
688 254
730 526
903 784
331 185
409 306
947 880
160 614
413 576
960 713
256 824
841 180
636 727
128 981
260 547
500 837
685 188
91 415
67 994
199 398
532 961
56 831
841 216
445 606
792 757
319 401
582 512
581 570
239 61
551 852
608 403
689 294
944 781
709 11
127 261
761 659
222 817
842 415
385 639
21 178
397 693
579 331
205 512
901 797
574 804
649 534
559 338
828 503
119 890
866 247
503 627
258 725
796 101
492 182
92 513
360 489
558 291
820 764
803 73
561 377
229 562
912 789
900 92
292 20
334 159
619 837
138 229
914 935
330 758
469 775
624 181
264 182
472 437
946 627
510 859
5 92
421 269
233 674
713 525
46 400
36 665
237 527
246 504
814 929
262 283
704 886
464 968
69 288
405 367
915 268
579 272
712 352
541 945
26 607
822 424
7 859
441 596
738 688
100 552
617 715
187 321
953 651
641 374
939 47
94 206
667 673
479 379
377 372
324 756
979 498
180 986
357 622
583 447
662 35
999 279
750 186
600 56
189 241
430 480
640 524
687 659
549 518
390 279
890 66
35 870
565 567
856 274
541 791
722 203
827 73
482 929
612 434
337 801
28 768
634 20
292 673
680 194
191 70
473 81
489 860
951 54
427 160
328 969
303 402
172 482
476 7
412 88
793 749
241 821
869 875
842 514
548 874
708 739
944 533
173 785
393 476
839 820
636 168
141 940
570 666
422 398
25 186
486 818
288 728
640 509
955 834
23 856
708 83
947 4
616 120
790 361
597 629
534 585
149 675
877 72
693 652
470 718
190 309
537 478
389 177
988 344
11 363
200 71
447 500
75 63
620 865
777 569
847 311
155 996
986 384
420 680
36 891
750 227
552 287
57 941
816 397
637 179
761 838
250 208
690 326
623 310
543 400
232 390
711 739
739 50
123 159
82 160
402 832
387 954
120 796
895 288
194 533
468 955
723 718
515 413
44 138
75 940
891 659
330 954
398 421
4 522
581 86
682 335
271 421
290 743
217 537
31 411
422 499
718 145
218 233
910 614
372 338
554 615
997 237
569 396
658 574
918 591
12 952
927 635
373 569
378 942
458 762
354 881
261 72
26 831
306 289
446 30
979 352
997 328
589 566
724 600
492 994
543 857
298 822
492 23
743 223
966 202
985 672
83 598
744 461
430 402
102 876
784 81
580 781
410 170
700 486
122 544
833 17
401 131
192 246
155 935
821 473
137 806
145 220
404 241
34 186
644 136
62 780
570 643
914 980
165 966
818 639
510 651
8 912
135 200
510 642
136 331
115 273
489 260
846 245
501 232
432 497
368 846
630 290
841 544
270 6
510 441
997 372
92 6
284 579
206 146
221 342
477 336
968 318
948 166
564 450
750 348
299 470
194 929
761 36
825 383
394 687
824 392
60 269
750 696
848 956
195 422
651 24
758 971
343 707
489 259
509 239
607 160
709 153
90 470
189 267
854 584
307 30
328 719
299 430
767 500
738 962
922 741
987 680
712 682
739 553
293 600
144 900
761 206
53 203
28 595
822 234
531 129
265 211
200 564
641 968
416 379
282 338
121 621
371 185
303 462
91 596
63 235
848 824
441 254
379 470
201 201
704 732
331 321
295 531
238 936
851 654
315 134
993 788
755 716
326 411
178 417
359 241
652 560
417 446
814 796
268 15
998 324
99 681
646 394
564 884
682 416
538 349
902 883
138 9
599 464
420 130
233 132
371 237
692 141
683 858
937 303
225 287
628 324
320 274
70 885
158 752
653 48
101 555
284 591
564 883
55 337
365 640
469 737
878 513
230 561
371 519
865 596
159 845
920 479
119 342
364 629
94 17
29 547
924 313
139 841
197 546
178 914
187 999
3 65
512 233
978 883
753 195
479 912
40 751
743 159
