370
325 1
733 4
226 7
118 21
67 22
135 24
16 25
686 26
537 29
421 38
583 41
471 46
316 47
552 54
101 56
901 57
488 60
874 64
424 69
445 70
58 73
414 80
111 81
78 85
195 86
75 90
299 91
13 93
132 98
346 106
493 107
188 116
432 121
181 127
254 128
139 144
585 149
542 150
897 156
79 157
511 160
303 165
114 172
924 174
941 182
248 185
233 190
629 200
429 204
863 211
147 220
670 222
699 231
904 232
66 236
591 237
771 240
598 242
355 259
225 261
986 263
840 270
210 279
601 281
94 286
620 287
479 289
198 292
882 293
758 307
920 324
31 333
492 340
995 349
241 353
203 367
332 371
796 382
88 384
965 385
527 386
651 387
789 389
861 396
619 398
673 412
741 413
661 418
541 433
453 437
773 448
234 459
649 460
710 461
403 463
720 465
609 474
235 477
505 478
973 487
212 489
482 494
51 498
551 500
483 507
702 508
944 512
183 515
130 516
596 521
252 523
49 526
745 529
33 530
513 534
755 538
517 543
291 549
262 557
866 574
705 577
807 603
171 612
632 625
61 627
462 631
411 634
50 635
159 636
243 657
593 658
257 667
885 671
608 672
71 676
264 682
383 683
14 685
246 698
520 713
284 728
545 744
571 757
495 765
731 767
359 772
721 775
996 791
189 792
735 797
829 798
518 802
898 806
330 823
320 824
390 833
985 841
522 842
928 848
95 851
8 855
34 871
754 878
179 891
837 896
675 902
416 906
273 907
666 913
169 925
884 931
205 934
193 940
660 950
736 966
835 978
53 5
5 9
9 10
10 12
12 18
18 27
27 28
28 32
32 36
36 39
39 43
43 82
82 97
97 99
99 102
102 103
103 113
113 123
123 124
124 126
126 143
143 148
148 153
153 158
158 164
164 218
218 228
228 238
238 244
244 250
250 265
265 272
272 275
275 277
277 288
288 296
296 297
297 301
301 312
312 327
327 335
335 341
341 343
343 344
344 347
347 354
354 356
356 363
363 364
364 370
370 372
372 379
379 394
394 395
395 399
399 401
401 402
402 415
415 420
420 426
426 446
446 450
450 458
458 475
475 476
476 481
481 496
496 501
501 503
503 546
546 555
555 568
568 578
578 579
579 586
586 594
594 595
595 604
604 613
613 624
624 641
641 645
645 655
655 663
663 665
665 669
669 678
678 679
679 694
694 704
704 708
708 711
711 716
716 717
717 723
723 727
727 734
734 762
762 764
764 769
769 770
770 783
783 787
787 810
810 812
812 813
813 815
815 818
818 820
820 825
825 827
827 828
828 834
834 838
838 853
853 864
864 867
867 877
877 879
879 889
889 912
912 923
923 929
929 930
930 949
949 954
954 956
956 959
959 960
960 977
977 979
979 981
981 982
982 0
62 145
168 146
213 176
224 311
258 319
337 323
342 348
358 368
362 405
377 408
438 436
606 444
618 457
623 540
653 544
680 554
687 559
690 561
706 562
738 564
739 588
768 600
779 607
782 626
785 640
788 642
805 644
830 693
831 697
849 701
850 703
887 714
890 742
917 746
926 748
936 760
938 774
948 781
957 793
970 800
971 846
974 847
975 852
983 857
993 862
53 869
53 893
53 900
53 916
53 922
53 933
53 935
53 945
53 955
53 962
53 963
53 964
53 969
53 989
53 992
