377
578 0
185 2
60 7
32 10
391 13
100 15
342 22
59 23
229 24
288 31
14 33
105 34
62 43
49 51
58 63
54 68
69 85
448 86
95 87
175 88
738 101
55 107
471 108
692 112
150 115
712 118
386 124
984 125
468 128
238 130
156 134
490 145
8 155
584 158
667 172
677 174
153 178
741 181
224 182
594 201
860 203
821 209
435 211
50 212
489 217
672 218
173 225
195 228
296 236
557 240
653 248
38 249
599 252
678 254
310 255
61 257
848 268
894 269
311 272
733 277
344 278
450 280
326 284
483 286
102 301
434 303
37 306
806 307
309 316
20 321
242 337
700 343
890 350
361 365
802 371
769 376
282 378
937 384
359 388
305 390
193 392
104 395
220 397
603 398
665 406
140 409
123 416
318 420
276 421
66 433
948 436
267 445
967 447
546 455
630 467
512 474
536 475
375 476
484 504
740 506
353 508
136 509
649 511
592 515
161 516
923 518
946 522
36 527
543 529
405 534
824 535
362 544
690 549
325 554
702 558
396 562
438 564
279 571
703 572
638 574
473 589
521 595
258 600
202 620
591 626
401 628
330 639
259 652
345 654
867 658
426 661
725 679
789 686
90 696
666 711
899 715
270 717
751 724
947 726
581 728
540 744
648 766
111 772
617 775
323 778
394 779
453 791
233 801
27 810
829 840
835 846
495 847
419 853
74 854
114 856
94 857
770 870
858 880
65 881
287 885
742 887
499 888
147 901
315 906
818 915
814 917
831 925
432 927
541 928
616 931
548 944
637 952
513 954
884 955
930 960
152 965
449 974
992 987
352 1
1 9
9 16
16 17
17 41
41 70
70 75
75 79
79 83
83 89
89 129
129 144
144 148
148 154
154 157
157 169
169 170
170 177
177 179
179 190
190 197
197 199
199 200
200 208
208 213
213 231
231 232
232 251
251 275
275 289
289 292
292 308
308 312
312 313
313 320
320 324
324 327
327 339
339 348
348 357
357 367
367 369
369 370
370 377
377 383
383 399
399 415
415 423
423 428
428 437
437 466
466 472
472 480
480 481
481 482
482 494
494 501
501 502
502 523
523 526
526 533
533 538
538 539
539 547
547 576
576 577
577 582
582 586
586 588
588 608
608 609
609 614
614 618
618 625
625 632
632 636
636 642
642 644
644 647
647 650
650 659
659 664
664 670
670 675
675 681
681 682
682 683
683 684
684 688
688 689
689 705
705 706
706 713
713 714
714 716
716 718
718 732
732 736
736 752
752 757
757 767
767 792
792 793
793 804
804 805
805 812
812 816
816 820
820 823
823 828
828 839
839 841
841 845
845 851
851 852
852 863
863 865
865 871
871 873
873 875
875 879
879 889
889 891
891 926
926 935
935 938
938 941
941 942
942 951
951 966
966 970
970 972
972 973
973 975
975 979
979 982
982 994
994 998
998 0
72 71
76 168
80 189
84 215
141 298
256 410
317 418
334 422
381 427
385 439
461 464
491 465
496 469
507 486
517 531
519 532
525 561
528 569
530 573
550 580
556 601
566 631
568 668
587 695
597 699
641 723
645 734
656 739
662 747
704 750
719 784
720 797
729 807
753 817
759 827
760 836
761 869
774 892
794 895
795 908
796 912
799 913
809 918
826 924
837 933
850 940
872 956
883 958
886 969
902 976
905 983
922 986
945 990
953 996
959 0
963 0
977 0
978 0
993 0
997 0
