5 1000
10000000001000000000010000110001
01011001000110100001000010101101
00000000000000000000001000000000
01111110111111111110100111111111
11111111011111111111001011111001
00000000000000000000000000000001
00000000001000010100000001100010
10101111010111111111111111011111
10111111111111110101111110110111
00000000001000000000000000000000
00010000000000000000000000000000
00000000001000000100000010111000
00010100110110111000101000010010
11011001011000000000011010001110
11111111110101011111111111101110
11011101111101111111011111011111
10111111101111111110110011110111
11011011111110111101111111111101
10111000000000100011100101000111
00010000000000000000000000000000
10000000001011000001010000000000
01111101111011111111001011111111
11111111111101011001111111110110
01100010000000010001000010000000
00100111100111000101000101000001
00001001000000100100000010000010
00000000000000000010000000000000
01110001100001110111000010000010
01011111011111111011011111101111
00001111010111010010000110000001
00000000000000000001000000000000
10111111011111111111111101010111
11110111011110111111111010111111
00000000000000000000000010000000
01110111111111111001111111111011
10101000101010100101001011000001
10010111110110111111111111111101
11101110111111000111110111111111
11110111101110100111101111111111
10000000000000000000000000000000
11000111111111110011111110111111
01000000010000001010001000010000
00110000000000110000000000001100
00000000000000000000000000000100
00000100000000000000000000000000
00110000101110100010001100101100
11111100110111101111110111111111
10000001001000110000000000001000
10011111111111111111100111111011
11111101111110010011111111111110
00000000100000000000000000000000
00001010100000001100100000000000
00000000000001000000000000000000
00000000000000000000000000010000
01000000000000010001110100000000
00000000000000000000000000000100
01111111111110111111111111011100
00010000000000000000000000000000
00000000000000000001000000000000
11111111111111101101111101010111
00100000000011000000001011000000
00001100000010000000000010000101
00000001010000001000010000001001
11111001010111111111111101111111
11011110111111011111010111110111
11111111101110111111011101011011
00000000000100000000000000000000
00100101100010010010101001001101
11110111110111011111010111101111
00000000000000000000010000000000
00000000000000000001000000000000
11011111111111011111110111100101
00010011000000000010010000000100
11111111101011111101111111110011
01100000100100011000101011100011
11110111101111110101111011111111
00000000000000100000000000000000
00000000000000000000000010000000
10101110111101011111011111111111
11111000101111110111111111111111
11110111111110111111110111011101
01110001001001010101000101000101
00000000000000000000000000000100
01100001100000011010101001100101
10111111001111111101111111110111
10110100011000100100100101100100
11111111010111011111011011111101
11110111001101111111111111111110
00100000000000000000000000000000
10001001001100100011110010001001
11111101001011110111111111011111
11011111111110111011011101111111
10000000000000000000000000000000
00000000000000000000000000100000
01111111111001010111111111111111
11111111010111101011111101011111
01000001010000100000101000000000
00000000000000000010000000000000
01000000100001010001000000000010
00000000000000000000000100000000
10000000101110000111011100100010
00100001001000000100000010001000
10110010000010011000001101110001
00000000000100000010100101000010
00000000000000000000000100000000
11110111111111101011011111101011
00000000001000000000000000000000
00111010111111110111111110111111
00000100000011010001000010000000
00001010110100100001010100101011
00010000000000000000000000000000
11000000100100000000000010001000
00000000000000000000000000001000
10111010111011101101111111111111
01100000000001000100000000001100
00001000100001100000000010000100
00110110110100101100010000010010
10100100000000001001000000010000
10111011010111111111111011111110
00110101100001001100100001101001
00000000000110000000010000001101
11011000110001010100010000100011
00100000100001000000001110000000
00000000001111100100111001110010
00110011010011000001100111010000
01111011111111111111101111101101
01111010111111111101011111111011
00000000000000000000001000000000
01110011111110111011111111111011
11111110110011111110100111111111
11000111000110101000000110001010
00000010100011100000001000000000
11111111110111110111110011110111
11111111110101011101111100111111
00000000000000001000000000000000
10110110111111111011111011101111
00000000100000000000000000000000
10101000000000000101000001000000
00011001100010000111000010011110
01101111110111111111111111101101
11011100101111101111111111101111
01101111011110111111111111111011
11110111111111011111110010110111
01111111111111110111111110001011
10000100000000000110000100010000
00100001000000011000100000000100
11111001111111011101111011111110
01111111101111111111111110110101
00101001000100100000100000000000
00000000000000000000000000000100
01000000100000000101010000001000
11000000110101101010100000001101
00111000100010110001101100000101
01000000000010000100101000000100
00100000001010000001010000000010
01010010110111001010000101000010
00010011000100000000010001000000
10101110111111111110110111110111
00011101000011011010001100010100
00000000000000000000000000000001
11111110101111101111110111011101
00000000000010001000011000100010
00000100000000101010000000110000
11100111111110111111010111111111
10110101001111111111111111101111
00000001000000000000000000000000
11000010100001000001000000000000
01111111111111111101011111101110
00110001011001100110000011100001
01111011111111111101111100111111
11111111010111101110110101111111
10111100010001100101100000100010
10100000011000000001000001000000
01111111111101111000111111111101
00000000000000000000000001000000
10100000000000010011000000001000
11111111110110111111111011011011
00111110111101101110111111111111
10000001110111001101000000111000
00000000010000100011000000010010
01110110011111011111111011111111
11111110111110111101011111111110
11000111111111111111110110111111
01111110101111110101111111111011
11111100110011111111111111110111
11111110111111101110110101101111
00000000000000001000000000000000
00000000000000000000000000001000
00000000000010000000000001100111
11001110111111011111110111101111
10111011111110111101111011111111
00000000000001000000000000000000
10111111101101111111111111110011
11111111111110101110110111111101
11010101101111111101111111101111
11111111011101101101110111111111
00000000100000000000000000000000
01111111111110111110111111010111
11111111100101101111111011110111
00010000000000000000000000000000
11011000000101110110010101000000
11111111111101101111011111011110
01000000000000000000000000000000
00000000000000000000000000100000
00100000000001010100100000000001
11111111111100111111010111111010
11011111110111111111011111111100
11010000001001110110010000001011
00000000001000000000000000000000
00000000000000000000000000010000
01001100010000111001101011000010
00000000000000000000000000000010
10101101010110000100001010110000
00000000001000011001000001000100
00100100000011010011011001001110
00000000000000000001000000000000
00000001000000000000000000000000
01010111001110010100001010001000
10001101000000000100000000001000
10000000010000100001001000000010
00000000100001000000011010000001
00000000010100000000010001000110
01001001010101100011111000001000
11111111111111101001111110011111
00100000011000010000001000100000
00000100000010001000000010001100
10110111110101110111111111011111
01111111111111010011011111111111
00100000000000000000000000000000
00000000000000000000000000001000
10011111111011111111011011111101
11111111111111111101011111001101
11111111111111110111011011101110
00001000000000000000000000000000
11101110111111111111111100111011
00000000100100000000100001110000
11000111111110111111111111110111
10111111111100110111111111111110
01000000000001000110000101000000
01011100100010001000010111000110
00000001000000000000000000000000
00100000100010100000100100000000
01100100001100000010000000000000
00100100110001100000110110100110
00000110100000000001000010100000
00000000010000000000000000000000
10010000000110001000000100000000
10011011111011101101111111111111
00000000000010000000000000000000
10000000000000000000000000000000
10010011000100001101100101000110
10010000100000110111010101011000
11010111011111101111111111110101
00001000000000000000000000000000
00001000000000000000000000000000
10010111111111011111011111111111
10110100011101000110001010100000
11011111111111111110111011100111
00000000000000000000000000001000
01110111111110110111111110111111
00011010000110000000000000010000
10010011011100010000110101010000
01110010010010000000101011010011
00000100000100110010000100000000
00000000000000000001000000000000
11010000001110001001111000100010
00111110110111111011111110111111
11111111111011111100111010011111
00001100000000100101000000001000
10000010110001001011100011100001
00010001111000000000000000010000
00011111000011000010100010100011
00001000000000000100001101001000
00100000000000000000000000000000
00000000000000000100000000000000
00001001011111000110000100010101
01111111111011111111011101001111
11111111101111110011111101111011
11111111111111000111101111101111
10000000001001001100000100000000
01011110111111111011011111111111
11110111111011111101111111111010
10111100111111111110011111111111
01111111111111110111110101101011
00000000000000000000010000000000
00001101010000100000000000010000
00000011100010000000010010000000
00100000000000001001000110000010
00001100001100100010000000000000
00110100001000111010011001000011
00000000000000000001000000000000
11011110010111101111111111111111
00000000000000000000000000000100
11111111110110111110011110110111
00100110001111010001010001100001
00001000000000000000000000000000
01001000001000110110110000111010
00000000000001000000000000000000
01101011000000010101010101010001
10111111111110001111011111011111
10000000000000000000000000000000
11101101101011011111011111111111
10111111001111111111110111111100
01000000000000000000000000000000
00100000010101000100010000000000
11110011011110111111111110101111
00000000000010000000000000000000
00010110101000001010000011110110
11111111100111001111111100111111
00000000001000000000000000000000
11111011111110111011111101111100
00000100000010110000100000001000
00101111100001001000001101100001
00000000000000100000000000000000
00000000000000000000100000000000
11000101111010111111111111111111
00000000100000000000000000000000
11111011101110010111101111111111
11111110101111111011001111111111
01000010000100000000001100001000
01000000000000001000100100000110
11110011101101111111101011111111
10111111111101011111110110111101
11111111011111111110011110100111
00100011000101000110000001101111
01111111111100111001111111111011
00100000000000000010001110000001
00100110001100100000010111100110
01101000000000000000010001000001
00000000000000001000000000000000
01000000000000000000000000000000
10111111110011111111100111111111
10000010000011011000011011111000
00000000000000000000000010000000
11110111111011101110111111111110
11011111111100111110111111011111
00010000000000000000000000000000
11111111111110111110111110011101
01111100100000011011000110001000
10101111110111101011111011111111
00011001000001010000100000000000
00000100000000000000000000000000
00100001000100100010001000000000
00000000000100000000000000000000
10001000000101101000011001011110
00000000000000001101000000001011
01011111111110111101111111011111
11100000000000010000000010000100
11001111111101111111110110111110
01000001001000000001000010001000
00000000000001000011001110000000
01001001000100111011001000010011
11110111111111100111110111111011
00010000100110001000100000000000
11101101111110111111010111110111
00000000001000000000000000000000
11001010001101101000110000000011
11101111111101111110111111110101
00110111001000000111001110000001
00100101000011010110001001000111
10000000010000000001000000101100
01001100100100000000101001111101
01000000100000001000000010101000
11111011110100011111111111111101
11111010011000000000100110010100
10000000010011001000000000000100
11001110101111111111101111101111
00010110010110010010001010010101
10000000000001010000001000000101
11111011111011110111111011111101
11111111111111111111101001101110
01010000010000000000010000010001
10010000001101110100011101100000
00110000000001100001111101000111
11011111011111110111111111110110
00011111000100001010100011001001
11111111111111110011111001111011
00101000000000100000000000001110
00000001100001001000000000100010
00000000000000000000000001000000
00000000100000000000000000000000
11011001001111110001000001000000
00100010010000000000000100001001
11001010101111111111111111111111
00000000000000010000000000000000
00001000000110011010111011100001
01111111111110111111110011011111
11111110101011101110111111111111
00000000100000000000000000000000
01111111011111111100111110111110
00000000000000000000010000000000
00101000001100001101011111100000
11011001100001011000000001010110
11111110011111111110101110110111
11111111111111111110101101011110
10110111011111011111011111111101
01001101010001001000010111000011
00000100000000100010000000110010
00000000000000000100000000000000
00000111001010000010000000000000
11111001111111101011111111110111
01110111111011111110011111111011
00111111111111111010011111111111
01010000001000000010000000000011
11111010111111111110111010111111
00000000000000000010000000000000
01110010000000010000000000000100
00000011000000001100000100000010
11111011011111111011001111111111
01111111111110111110110111111010
00010010111000010111100101100000
00100001001110100110100011000101
00000000000101100100000000000011
00000000000000000000000000100000
00000000000000000000000000001000
11111111111101111111010011111110
01100010000101100011101011000010
10111111110111111111110111111100
01000001000001010000000000010100
11100000001110011001100000110001
00000010000010000011000010000100
11111010011111111111100111111111
00100101110000010000001011110110
00111010011100100001100010101000
00100110101000101110010100010100
00000010000000000000000000000000
11110011111011110111111100111111
11110011111101111111011111110111
00001000000000000001110010001000
00000000001000000101001001000100
00010000000100000000000100011001
00000000100101010000010010000000
00111010100011110000000100010101
00000000010000000010010001000011
00100010010010100010100110110011
11111111101101111111110111101101
00000001000100010000100000101000
11111111111101110111110111011101
00000000000000010000000000000000
10000001000000100000000000010110
00000000000100000000000000000000
00000000000100010011001000100000
11110100111110101111111011111111
10000101000000110000000010000000
00001010101000000010000000010000
00000000000000000000000000100000
01110101111110001111111111111111
00000000100000000000000000000000
00000000000000000000010000000000
11111111111110110111011110101111
00000000000000000000010000000000
11111011111110111110111111101110
11111111101111111011111111010101
01010010001000001000000000010000
00000000000000000000000000000001
00101010101001011101001010000001
00011111101111011011111111111111
01011000010000101010010010110011
11111101111111011011101011111111
11111111011111111101011101111101
00000010000101010000000110000000
10000000000000010000001110000001
10000000100100010111111001000101
11011010111111111001111111111111
11110111011111101111111011101110
00000000000000000000000010000000
01111111110111100111111111101111
10100000000000000110000000110000
00000000000000100000000000000000
11111111011110101111111101101111
10000100000010010000000000001010
10100100001000000000001000000100
11011111111110101111011110111111
01000000100010001000000000011000
00000000000000000000000000001000
11111111111101111111101110110011
00000000000000000001000000000000
11111011111111011110100111111111
11111111111101111111110001101111
11011111110110110111111111010111
11111101111100111111101011110111
01110110111111111111101111010111
00001100010100001001101011110010
00000000000000000010000000000000
01001000101111000000011101001100
10000000000000000000000000000000
00000001100000010010000000000011
00000010000000000000000000000000
11010000010000101000000000000000
00100101101001001100101100000011
00000000000100000000000000000000
00100101000000000001100000010000
11011101110110111111101111111101
11010111110111111111111110100111
01000011011101110000010010001100
11011110011111101111111011111111
00011001010001111000010001100101
00001100000000100101000000010000
00000000001000000000000000000000
00101100011000000000000000000100
10110001101000101100000110100010
11110110101111011011111111111111
00000000100000000000000000000000
10100111111111111111110111111011
11111011110011101111111011111111
11101100111111111111111011100111
00010100001100111000110110100100
00000000000000000000000000000010
01111011111111011111111100111111
00101010001000100001110111100001
10111111111101110111101011101111
00000001100000101000001000000010
10010000000000000000110000001001
10000100101011101000011001110000
00001001100111010010010001011001
00001000101000010110010111001101
00000000000000001000100100101100
00000000000000000000000000000001
01011011011000010010000100101100
11010001111111111111101111110111
10101100100101010000000111001001
00000000010110000100001000000100
00111101100100010101010001000010
01010010101001110000000100110110
00000100001000000010011000000001
01111101010000000111001100000001
11111110011011111111111111111010
00000000000000000000000001000000
01111101111101111101011111111011
01010001000000010000000001100000
00011000100100000000010111011111
10111110111110101111101111111111
11111110011011111111101111111110
11100111111011011110111111111111
10000001000000010000000011000010
00000000000000000000000001000000
00000000000001000000000000000000
00100101000101010011000010101110
00000000000000000100000000000000
00000000000100000000010011001001
01111111111111110101111101100111
11110111110111111101111111001110
01111111111111110110011111010111
00000101001111000110001101010001
10001110000110001100100001110100
00000010001001000001000000000110
01111110110110111111111111101111
00010000000000000000000000000000
00000101100011101000001001100111
11101101110010001000010011000000
11110111011011101111111011111011
11111011111111111101111101110110
01010010000000100000000110000000
00000000000100000000000000000000
10011111010111111101011111111111
11111111111100111101111100110111
10000000000000000000000000000000
00000011110100001011110011000100
00100000001001000000011000100000
00100010000000000000110000000101
00111000100010000001010101011101
00000000000000000000000001000000
10100001101100100011101000101000
01001100001001000000100101111011
00000100000011011000000010000000
10111111111111111001101101111111
00111111110111011001111111111111
01000010000000000000101000001100
10000000000000001000110100000010
00000000010000000000000000000000
10110111011111111111101111101011
10000000000000000000000000000000
00010000000000000000000000000000
11111101111111001111110111101101
00000000000100000000000000000000
11111000101111011111111011111111
11111110111111110101111001111111
11111100111100111111101111111101
10111111100101111111101111111110
01001101010101010001000101000101
00000100100011000010001000000000
11101001100100011100001100001000
00000101000000000000010010001010
00000000000000000000000010000000
11111111011111110110111111111010
01111111110110111111100101111111
11011110110111110010111111111111
11111110110001111111110110111111
11101111111001111111101011111111
11101111010111111111110011110111
00111101111111101111111101101111
10011010000100111001100010000110
00111000101001100101011010100000
11111111111111101001110110111111
11101111111101111011110011111111
11111010111110111111111001111111
11101101111110011111111100111111
01000000000000010000001000010110
00000000001000000000000000000000
00000000000000000000000000000100
11110111111010110111110111111111
11111111101111100111101111011110
11111110111111101111111110110100
11111111111100111111111111010101
01000001010000011000001111100111
01111110110111111111111110111010
00101000100000100001001000000000
00000000000000000100000000000000
00111110111111101111011111111111
01000010010100100011101010001011
11011111101011101111111111111100
10111111010111111111010111011111
00000100000000000000000000000000
00000000000000000000000010000000
00000000000010110000011000000001
00000100000000000000000000000000
00000000000001000000000000000000
00000000000000000000000000000001
00000000000110000000110000110000
11111111111110111010110101111110
01111111101111111111111011110110
11110100011110001001000000101000
11101001111101111111101111011111
11111101011101111111111111101101
11111111110111011010111111101111
01011001011111011111111111111111
10101100000001101010001111000100
11110110101111111111111101111101
01111011011111110111101111111111
00000100011000000000110010000000
00011000100001010000000010000000
00000001001010001010000100000000
10010000100001000001000000010000
00000100110000010011000000000000
00000000000000000010000000000000
11101111111111111111111000101011
10000000000100100000110010000000
10011101111000110000000010000101
11111111001111111111100111111101
10101111111101111101111111110111
10000000110110011000000011011101
00011000000001000000000100000110
11111111111101101001111111011111
00000000100000000000000000000000
11011111101101111111110011101111
00000000000000110001100001000001
00000001000000010001110000000010
10000000000100000010100001001000
11111111101011011101101111011111
00000000100000000000000000000000
11110111111111111101101000111111
11101100110111101111111111111101
00000011000011110000000000000000
00000011101101000110100000110110
00101110110111010000000010001100
11111111110110111101111110011111
00110011001000000001000000000000
11101101101111111111011011011111
00000000000010000100000010010110
11111110111111101001111101110111
10000100000000000100000010011000
00000000000000000000000000000001
00000000100000000000000000000000
00000000000010000000000000000000
00001000110110111001100000001110
11111111111111011111011110110101
00010100001000000011000010000000
01101111111101111110111011111101
01111011111111101101011111111110
00000000100001000101000001000010
11111010110111111011011111011111
11111011110010111111111111101110
00111111011111111011101111111111
00000010010001010000000000100100
01110010001001000001110100011100
10001001100100010010100101011010
00010110011001110101100000101000
00000010001010000001000100100000
01110111111111110111011011111111
00000000000000000100000000000000
11011110111011111110111111011101
11010111111010011011111111111111
00000010000000000000000000000000
00000000001101110000000001000000
11110011111111111001101111111101
00010101000000000000000001010100
11111111111010010111111101101111
00001000100001000000000110000100
01101011001000110100110001100000
00100000000000000000000000000000
00000001000000000100100010000110
11101111111100111111010111111111
00100000000000000000000000000000
01100100100110101000110001001010
00001110100110010011111000000001
00000101000000010000000010000011
11100000010100100111000000101011
01010111001111110111111111111111
11001010000100011000000000111111
11111110110111101110111101111011
00000001000001011000001000000001
11011110111101111011111111101110
00010000000000000000000000000000
01110111111111011111011111101111
00000000001000000000000000000000
01000000000000011000000100010100
01000001010000001000010000000001
01000100001000000100010100000000
00000000010000000000000000000000
01000000101000000000001100001000
10111101111011111111111101111101
00000011000101000000001001000000
00000000000000000000000000000100
00000100000000100100000001100100
01010100111010000010011000100011
00000010001000011101000000000000
10001000000000001001010000001000
00001001001000111011000011011010
10111111011111010011111111111011
11111011111111110011110101111011
01000000000011001101110010110110
00000000000000000100000000000000
11110111111111110011111111110011
11111101111101111111011011010111
00000000000000001000000000000000
10000000000000000000000000000000
00000000000000000000000000000010
11011111111111111001011111111101
00000000011001010010000100000000
01110111111111010111111101111111
00010110000000101000000000000100
11101010100101000000010010100110
10110000001011001101001100010100
11111110111111111011111111110000
00000000000000000010000000000000
00001001000000000100001000010001
00000000000000000010000000000000
11011101111011111001111111111101
10010101001101000000001111101000
11011111111111101011111110101011
01001001011111111111111111111111
10000000010010000001100010000000
11111111101101111111101111001111
00000100100000000010101100000000
10000001010010001000100000000000
10011111111111111101101111001111
10100101001000100101101000110010
10000001000000010000001001001000
00100000000000110000001001000001
10100001001101100110010001010010
10000000000000100000001000101001
00100010000010100001000001000000
11110110011111111111111100101111
11010011111111111101011111110111
00000110010001010010000000000000
10011100010111000011001000000011
11111111101111111101011111010111
10000000001000000000000001110010
11011110111011110111111111110101
01000001000010001001010000000000
00000001000000000000000000000000
11111111111011111100111100111110
10001000000000100010000000000110
11011101111011111101101111111111
11011110111111111011011101111111
11000110010001100001000001100111
11111101110111111111110101110111
10100000100100000000000010001000
00110101010000100000101011100101
11110110111111110111101101111111
10110101111110111111111111111101
00000000000100000000000000000000
11111111010010111111111111111101
11110101100111111011011111111111
00000000000000000000000000000010
11111011111111101110101111110111
11101110111100011111111111110111
01000101111010010100001100000011
11111111111111100011111010111111
11101111101001111011111011111111
11111100111111010111011111111111
11111101111111110111101111001111
10111011110111110111011111011111
00000000000000010000000000000000
01000010001000100101010111111000
10101111101111110111111111001111
11011011111111111111110011110111
11101100000111001000000010000111
11101111010111101111111111101111
11111101111011100011111111011111
11011011111101011111111111011111
11111011111111010111111010111011
11111011101110101111111101111101
00000000000000000000100000000000
00011010100010100000011011111000
11011011011111111101111111101111
00000000010000010000100001100001
11010111111100111111011011111111
00100000110000000100100000000001
00001000000000000000000000000000
00000100000100000000000011010100
11111001111111111110111001111101
00100011000000010000100000000010
11110110111111101111111011001111
00010010000000001001000000001001
11111011011101111101011111011111
10111111011111111111111101110110
00000000001000000000000000000000
00000000000000000000000100000000
01001000010001100011011000110110
11111111110011110111101111111011
11111111110110100011111111111111
10000000000000000000000000000000
10110111111111011111011111111100
01010110101111011111111111111111
00000000000000000000100000000000
10010110000011000100001001001111
00001010000001010000100000001000
11111111101100111111111010111101
01000100101011000000001101111001
01100001110110101101000100001000
00010000100000010000000101001000
01000000000000000000000000000000
11111000111111111110111011111111
11011101011111111110110111111101
11011110111111011111111111011011
00010000000110001101111100010101
00000000000011101000110000000000
11111111101011001111111111111101
11101011110111100110111111111111
00000000000100000000000000000000
01010110011111111111111111011111
01111111111111011110111111111001
00000000010000000000000000000000
00000000000000000000000100000000
00001000000000000100010011000010
00000000000010000000000000000000
01101010010101100110000010101000
11011111101011101110111111111011
11111111101011111101111101011111
00000000000000100000000000000000
00000000000100000000000000000000
00100000000100011011110010110110
01000101011000101001110000110100
00010110000001000000100010000000
10110111111111101111111111010111
00000000000000000000000000010000
00010000000110000010100000010000
01111010111110111111101111111111
11010101111111111110111101111111
00000000000000000000000000010000
00001000000000000111000000000110
01111111111110110111110011111110
01101000000010111100111000100100
00001000000000000000000000000000
00010110000010110000000000000000
01111110110111111111011110111011
11111011111101101111111010110111
11111101101110111101011111111111
11110110111110111110101011111111
01010000010001000000001000100000
00000011000010001001000001000000
00000000000000000000100000000000
00000000000000000100001000111001
01001000001011000011101110100001
11011111101111110101111101011111
10110000001010110101000001100011
11110111011111111110111111101110
01110000010010010010110010011100
00100001011101011100100100101000
11000001011000100001001000111101
00000000000000000000010000000000
11111000111111111101111011111111
00000001001100001000000010100000
01111111101101101111111001111111
11111101110111101011101111110111
00000000000000000000000001000000
10000011011111110100010000010000
00000000000000000001000000000000
11111110110111111111111101100111
00100000000000000000000000000000
10010000000010000000100010100000
00010101110110111101000000100000
00110000000100101010001110101101
00001001001100000010000000000001
00010001001100001100101010001111
00000000010010000010000101100000
00000000000000000000000010000000
00010110001010000100000000000000
01111011100110111111111111111011
01111111111111111110001111111011
11000000100000001010000001000000
00000000010110000100010000000100
00100000010010001111000111011010
00000000000000000000000000000100
11101110001011110111111111111111
00010001000010010001000000100000
11111010111111011011111111110111
00000110010000100001000000010000
00000000110100000000001001001000
11001011111111111011101111101111
11111111111011111011111110111000
00000000000000000000001000000000
10010101001101010100110100001000
11110111111111111111100001101111
11111100110101111111110101111111
00000100010000000000100110000001
11111011001111011111011111111011
00100000000000000000000000000000
01111100111010111111111111111111
11111101110111101111110101111111
00000000100000000000000000000000
11111011111111100111100111011111
01001001010100100101111010000100
00000000000000000000000000001000
11110111111101100011111111011111
00101000100000100010000000100000
01111111011011011011101111111111
10111010111111111011011111111111
01100001001010101100001101000110
11100111110111101110111111111111
01111111111101110111111101111110
11011111111101110110111111011111
00000000000000000000010000000000
00000000000000000000000000000010
00010110001100000000001000000000
10111101111101110011111111011111
00000000000000000000000000000010
11111011000010111111111111111111
10101111111111111100111110111111
11011111110111111111001110111111
01110100001000011001000010110011
00000000000101110000010000001000
11111101110111011111011111101101
00000010100100000010000000001001
10011001000011101010000101000011
00000000010000100001100010100000
01111110111011111111100111111111
11101101111111111011110111011111
11111111111111111001011111011001
00010000100000100000000100100001
10000100000100000001000000010001
10111111111111011010111111011111
11010111101011101111111111111111
00111111111111110110011011111111
10010100010000111101100001100100
00000000000000001000000000000000
00000000000000000000000000001000
10000101010001010101100100010110
10010000010100010000001000000000
11001000000010010010110101010101
01110111011111111100111111111111
11111111011111111010111110101011
11111011111111010110110111011111
00000000100000000000000000000000
11111110111111011101111110100111
00000000000001110000101000000010
11001111111111111110110111111011
11111110111110101111111011111101
11111111110111011111110101111101
00100000000000000000000000000000
11101111001111101101111111111111
11000100001000010011111001100100
00000011000000000000000000010111
00000000100000000000000000000000
00001000000000000001001001110000
00101000000111100001001101111000
10100111000110101000001000110010
10011011000011000100010111000001
10000100011011000100010110000111
10111010111111011110101111111111
00000000000010000000000000000000
00010001000000000000000011000101
00000101000000000001001010000100
10000000000000000000000000000000
00000001100000000000001000100101
10111110111110101111111110111111
01000000001001111011110000001101
00100011101000010011001011010100
10111111110101111111101011011111
00000000100010000000000010110100
00011000000100000000000100110000
00100000000010001001001000000100
00000000000100000000000000000000
10001000000010110000100111101011
10000100000000100010000010000001
00000100101000110001100101011110
11011011111111110101111110111101
00010000000000000000000000000000
10000000000000000000000000000000
11110111011111110111011011111111
10010000000100000000001000000011
11111101111111001011011111110111
11111101111111010011111101110111
11111101001111111101111110110111
00000000000000000000000010000000
11111111111011111100111111100011
00010000010000100011000000000100
00100000000000000000000000000000
00001111101101001101000000000101
