5 1000
00000111111001101010011000111000
11111011100000011110111111110000
00101011111110000101010101100000
10110111111011011110011001101001
11001110101111010100110001000011
00000011011111011000010000010110
10000110101000011000111010001110
01000101011101111011101011011111
11001010101111101101000010111001
11100011000101001000100001010010
01001011111001001011010011010011
00101010011011010011111010001101
10001001101111011111110010000011
01001111100100111010010000010100
00000000001100011000111100100011
10101000010011001011111001011000
10100001000100010010110111000111
11110111010000111011110110010010
00010010001010111001010000001011
10101111000101011010010111001111
11010101111010000011111101001010
00100010010010001000101000001001
00110001100001000011100111010010
01001111110100001011001000011011
11000000011101110111101011001000
10000000110101111010101001001101
00001000011111010001000000001000
00111010010010011011111001110101
00110000000101001000100011011110
10100100101100010110001000100001
00100010001100010100000100110010
10110101010111100011001101001111
01011100010001001101001100011001
11010011000010111010011000111011
11111110110000100001001001010100
00110101010011010100000010110111
10001000011001011111110100010100
10110110111110110001100000011110
11111010111110101100100111110000
10010010100111110111100011011111
11011101011000001000101011000011
11000101111101011101100011001111
01110001111011000100100001010011
10011000110001010011010011110000
11110001011001101010100010000101
01001011001100000001101110010010
00110110011101011010010111101000
10010110101010111000111111100100
10011000000010100011010100000111
10000100001100111111011011101101
11010010010010100100000000000011
01101110111111010100010010101100
01000100000011011010111100111010
00010101101011011001001101001110
11000110011011010001111101011111
00111101101110010010111000010101
00101111100000000100000010000110
00000111101010010000100101101001
01010011110001001111100100000100
00111100101101010010010010011001
01011000101111010110111011001010
01010001001110011011110011101111
11001111111111111111111001111001
01011111111101110110100001110111
00010011000010100110011110101111
01011001101110011011111010110011
01010010010111000011111000000000
11001010011010011010010100011010
00100000000011100001000011110001
10100111100110110000101001000100
11000000110000110111010100100010
00000010010001110010110100001000
10001110000000100100111010101001
11111000111100100100001100001100
01110000100011101000010100000001
11001000110111101100011001111011
00100010111111000110011010010101
10100001001101001011001011001110
00011100101001110101110111101110
00010100000010101110001101110111
00011000001110001011101111110101
01001001111111101011011100101001
00010011100010011100000011001010
00011111111110010110110011001001
00100001111101111001000011100000
00100000100010001010111101101111
00010110110011101001110000111100
00010011110010001000000100011111
10001010000101100101110100110001
01010010011110110011011000100010
01110101010010011010111111000101
10000100101110100011110001011101
00100101001000100100100100100011
11010001011100110011111111000011
00010010010010101001000110011000
10111100101110101011101011111001
00101100101000100010111110000100
00100011101010101000100100011101
00101000001000000110010010101000
11100001000010010000000110011000
10011111010000100111111001000010
11110100100010100010000000001011
10001101000110000011001000010111
00100010010100110100110000110000
10100010110110000011110000011010
00000110010100001100000011000010
10110000011100001001111000011011
01110001111000010011011000111000
00010001010100111000011010001111
10100001111111010111100111110001
01010100001010100101100111100100
11110111111101111110011111101111
10101101010001011011111011000100
11111101111110001111000111011111
01100001011000110111101110100001
10001010010011100001100100100001
11011010001110011011101110110101
10101100110001010111100100000100
10010100000010000101001110000100
11001111000000011111110000011111
01110010110111011110001100100010
01111000111001011111110011011100
10010010001010010010001110101111
01101101111001000001011101000100
01010101011100111101110111101000
11101110110000111010010111101101
01101101010100011010000001101110
00101101000100100110110011010000
10000000011000100011111100001111
00110110000111111001101000001100
10101111010111011110101110001111
10000101011011010011001110011111
01000001011011001000111001001110
10100010111110111011011011111001
11111100011100101100101111011001
10100000010100101010111001010011
10001110100010001111011100111101
01100101000101100111100111101111
10111010101000001000110101000001
01101111000101111001011010010010
10111111011111000100111010011010
00010001110010110000100100000110
11011011101000010000010100111011
01010111000110011001100011111010
10011010011110100101011111100000
00001101001001000011100001111001
11001100010000100100111000100011
01000010001100000101110101100000
11101111111110011111100111100101
10111111001110010110000110111100
11000111111010001110001100011100
00110110011100110101101010100101
10101011111100110101001101100011
01110110110101000101101000100100
11011111110001001011001000110101
00100010001110001000100101101011
10000010110111011000111110000010
01100011000011011111100001110101
00111001001101010111011010010101
01000100011011110010101111110111
11100110101111101100010111011100
10011011010011100100011100110010
01011101001011100111100101000001
01111011000001011111010110101011
01010100110011001001111001001111
01110001111111100101001011110000
01111101000010111111001010000111
01101001111110100000001110011100
00100010001111001010010100011011
01100100100100100100000111011110
11100010001011111111001000100111
01000100010010110100101111010101
01010001000100010001101011011110
01110100010001110101101011110001
00101011000100011110111110111110
11010101110111111010111100111110
10110000010101010110010000101101
10100011001001110011010111101001
11011000010010111010111101101101
00111001100011001011111001111101
10111011110000100011000011110001
11001101100001001110111001000001
00111001011001010011011000111001
11010100010000001101000101001010
11011111101011000100110001000010
00001010001001011101010001110011
01111011110101100011101011100110
10111011111011011110010111000001
01110011010100000101100100111001
01011011100100011001111010000011
01100101010001010101011010111001
10100101100101111010111111011101
11111100001011111101011011101010
10101001101110101111101011000100
11110110100110010101101111011100
11111111000110101010000011110111
11000111000011010110111010011000
10101101111111111010001101100011
00011101000010010010101110001001
10000101100001000111001010100101
00100010100111101010011101101101
01010110111111011000000010011111
10000111100111110000010000000111
00110111011010010110011111011110
00001000110010110011100110010100
00000101000010101010011011101110
11111110010100000001111110100010
00000101101011000111110011000101
10110110011000000111110111100010
00000110111010110010110011110101
01010100110111110011111001110110
10000010110001011001001011001100
10001000010111000000101100010000
00101100100101101100000000100011
00111100001110010011000011100001
01001101010010000000011101110101
00111001011100111111000001100101
11010001110100000100001000011011
01001100011110011000111101001111
01010111100100000010010011100101
01101010111101101011001101101000
10000111111100110000010100101110
01100110000111011001110000011111
00100000000100010011100111001011
11111010000101000110110110010100
11011000001001000000010100110111
00000110100110110110101100110110
00001101100001011100001101000110
00011010101001000001011010100100
01110010001010000010110100000100
11110010001100011101001010000110
11101000010001000110111001101111
11001011000101010010100110000010
00011101000001011001101000100010
11110110101111100000000101101010
10000110010011010111100100110001
10101001110111100010101101010110
00110011001000101100000101100000
11000111110111000011100111111000
00001011011111001111111010010110
00110101011111110010110000001111
11001010001111111001111111100000
11100110101000001001011111001000
00100001110111111111111000000101
01010011010000111111001110011011
00001101100010111010010010001001
11100110010111111011010010110100
01001101101111001100000111011010
10010110100110100001010100001001
10111001100101101101000101000011
00101011111110111101011111111010
01110111111111000111011010111110
01100111011110111101000000101000
00100010111001110001000000101100
00000001010000000101101100100001
01111100000001000101101101110001
01010111011100100111000100100110
11001000011100111011100011011100
01111110111001100101010000011000
10111111100110011000110001001010
11101010111000010111001000100010
00010110100111101010111101111100
11001001100100000100010110101001
01011100010110111000110010101101
10110001000100010011111111011110
00100010101011011100101000001000
10101111010010011111001010011010
00001111110101010100111011110011
10000110111000011001001101001111
01011010000011010110000111001011
00000100011110000001110001110011
00001100000001110100110110010100
10011010011110111100011110011011
01000001110001111000111100010010
00010001000000101010010111111111
10110100111110101010101000000010
11001111011100010100100111100010
01110010010000011100010100000001
10111010001000001111100110010100
01111001111111011101110101010101
00011010110110100010111011001100
00100010001111001011001100000010
11001110111001110111000111101100
11011001001101100000101101000110
00010001111010100110010100000000
00111000100010111100010011110001
11011100110001010101011001000000
10001010100111100001001010100110
10101001010101000010100111111000
11100100100100000010111101111000
10111101001001000010111001101110
00111011110010110000001100111110
01100010000000110110111110110100
11010101001001000100010001110010
10110000100010101011010011001001
11100111010110111101011001110011
01110100110110000111010001100000
10000010001101010000010110010001
01101111100110000001101010001100
11010011010101011110110111101000
10000110110100101000110110011100
10101100110010111100010101001010
11010010111111001101100011111100
10100001100111110100101011111010
11110001111001000000110010000111
11111010011000101110011101110111
00100010011111001100101011010100
00110100000110100000010101101011
00101111000111110000110011011111
01110101111010110100111101011011
11101111010101110000010010100110
10111011000000001000000011111111
01111110000001010100110001111101
10011110101110100110101100010110
01010011001101100110111000011000
00111110011011100011110000001010
11011101111001000101000101001000
01010110100111011001111100100000
01011000000101110010101110010000
01101010010000100010001110110101
00001010101111001000011001110000
10000110000000100001010110100100
11110000011010001001100110100100
11011100111001110100100100111000
00101100001111110100000011000000
01011100100111111000110000010100
00110001101101111000111001100111
10110011001111101000011100011000
10010001000000001110101100010011
11110100100011110001101010101110
01101011110101101010011011100001
01011010001101110101000111010111
11011110011011011000001010000011
01101011100110000100010010111001
11110110000000111100010000110000
10011011000110101000100110110011
01111001100000101110111101001001
11010001100100100110100100100100
10111111000111110000001111111111
00110110110001100000010110011101
10111100111111111001001111011111
00011011001100001011110010010111
10111010101100001001111001111010
00001100001100001010010001010000
00100001001010100111101000111110
01110011001100100111001000000110
11011011010000000111011101111001
00110100011001010111100010000111
01100000100101101010111010010001
00110000000010011011000101101001
00001100010101000011101010100000
11110101000010010100100000110111
10001001001001101010101001001111
01110111111011000001111000011111
00010110101100111001001000110010
01000101011010011011001111010110
10001010001110110100010010111010
01111010100101111011101001001001
11111101101110000010101010101111
01110110001101101001111010010001
01101011000001111111100000000011
01001101010010001110101111001001
00100101101110110100111111111111
10000110010010101011000100000011
10010111010000101000101111110111
11011111001000001101011111100001
00000010110100001000111011101010
11110100000101000000010111001100
00000000100001101101111011001001
00011101011011110101010110010001
00100100110000100101000001000110
00011010101101111110001100101100
01011100111010000001001110110010
00000100101101001011011111011100
00011111101001001100010110010111
00110100101101110100000010110001
11001100100000101010111100010101
00110101011001110011010010110100
11101110001101101010100101000100
00000000110001001110000100010000
00100000000110110100100101001101
01111110100110110101001010000100
00010111110110110110001011110011
00001110100010101000011101011101
11110000101010000101111011010100
11101110101011111110010010100110
00011100110111111111011001111010
00110010001111000111111001100110
01100010011010000110101111010111
10001001000001111101010100101100
01101101000101101000110111111001
11010111010010001000011000011000
00101101101100011000001111010001
01101110110110000000001010111010
10111110101010001011111001000100
10100111100111000011011101011010
11110101001101000110000011111011
00110001111101110001000100011100
00010010011010101010001001001001
00011000111101111101011011110001
10100101111101100011111111111100
00101100011000010111110001001110
01110010101101101000001000011111
10000001010001101000010101111001
11010111001011100110110000001010
01000011000101000010111111101110
01110110100101000011100111111001
00111011001001000010000101011100
10000010100101000100110001001000
10111111100111001100101001100000
11000001110011111000110100000001
00010111110110101000111110010011
10011100000111000000101111011010
10010110101100111101111011010111
01111100011111100110001110011011
00000100111010001100010001001001
01000011110000111110011101000100
11001100001111110000101001000001
10101001000011111010100001001100
01000011101101011111101000011100
10011111001000011000101110101001
10110011111111001111010011001001
00110101000100000000100010110100
10000000100101011100101100010000
11110010101100001111111100010111
11111111101010110110100000010000
11110001001011000010110111101011
11001100111001100101000100110010
01000000000011101111011010110001
10001011100110100100100100111101
00101101111100000010001000101011
10100101110000011111010110011001
10111101010001101111111001100011
00010100111011001111100101010011
00000101101111000011100000111101
01101011110001110010111011110001
00011010111101100010111010111100
11001000110111110001010100000011
01110000001100001110010000001110
01101000001111000101011001110110
10010011011011111111111010111100
10101101101011001001001101011110
01001111110100000111111100101100
11101110010011110011100101111100
11010100011000110110111001000001
00011010000110011100001101001000
11101111011010000011010110011111
10111011101000001111101000001100
00110111011110010101101000001110
00001010101101011010100011110001
00100011001101100010001001000000
00001111010001001011011011011100
01000110110101000110001101011010
10100001011101000101011101100011
10111101011110101101101001100000
01111001000110010100110011011000
11100111010010011011010011100100
01000001001101000001010110111001
01101110110100100111001000110001
11110100110110101010010100001101
01011100110011111110000000000011
00011010101001000101011101110101
01010001111000101011011110001110
11000010110000111110110100110111
11111110000111011001011000010010
00101011011000011111111101100010
00101010000100100000111110000100
00111000110111111101000010001001
01000011111111100010011110010100
10100111001100011110100111011010
10011000100100001110010011001111
00110100011100100000101000110010
11101100011001011101111100011100
01111000001100001010100000001100
01011110111100000001011010010101
01101001100100011010100011100010
00010011100100000111100101001001
10011110011010001110011010110101
01101011111001000100100101001101
10010101000101110110011000010011
10111100110110111010101010111101
11111111100111011100111111111100
11100101001000011110000000101101
01101100001100010111111011001001
11111001101111111001011111010000
10100111111111101100111011010111
11010111101001101010111100100001
01011100011000101101010000001011
00010100011111110111001100001110
01111000101111100110101011011111
00010001010010111110010010100111
00011000101111011111101101001010
11000100000100100110000101000000
10110100001001000100001111101001
00110100101100011111100100000111
10010001010000000110110011000101
01111010101000100011110011011100
10000011001111010011000111000000
00111101100100001111010111011010
10001011011101001010101110001100
10011000011101011011000000010000
10001111110011001011111001011001
10011111110100001101100101100100
00000000001100011011000011000000
01101101010001000110011011010111
10001000100010011001101100000011
11101111111101101001001101101010
10101110011001000001001111011000
01110100010110100000010100011101
11101101110111101101111010001011
11010100101011010100100001111111
01001000001000000000001101000111
00110011010110010011000000000110
11111000001110111111111011111100
11101000110101001100010100011011
11101001001100101010010110011100
10110011111010010000111111010001
00110000000101011001110110000011
11101111101011001111101101100111
00100111110010001010110100100110
00111000100100000111100001111011
00101011111001011111000011011101
00001111101010000110011100101000
01100110010101100001011101010110
01110000100100001001110100110000
00100001000110110111011010100000
11100011110001101100010111010111
00000000011011010111110000111100
11111111011101010000110000111100
10000010011111110110011010011001
01111011111111100001101110010011
11101011001101010011000000111110
11110111111010001110010110011001
11011001100100010001110000110010
10011100110110001001110011101000
00010101011111000010110101011011
10000010011100001110110000011111
11010101101111011110000000111100
00011011000100111001001010000000
01101010000100000001110010010010
11100001101001111110011110001101
01010011000100110001101000111010
10100111101110100111100011100010
00001111101011100111011111100011
11110101100011011011011101010111
00110110111000111110001001000001
00011110011110101111010010000011
11000001001010100010001011010000
00100100101110110010011110011100
11110010111110101000101101100100
11101100101100011000101010011111
11101101100111000001010011010011
01011001010100110101101010010100
11111000011100010101011011010010
01011111111001011111101010110000
10100101100010010011011111101101
00010010111110101100100011111111
00011100100011111011101101000001
10111011110011111011010000000100
01110001000100110111110111011111
01111011100000110100111000011100
00110111001101001101000100111100
00010010110100000111101101101110
01100011010101000010101111001011
00100011100101001101110000111010
00000000000111111101011100111110
10001111100011111111000001101011
00101101111010110111101110000101
11100111101010010110100011111110
10001010101010110010110101111111
01000011001010010001001000100010
00001111110100110100010000100110
10001000110110110111001011110100
10101100010111011110100001100001
01101010001111011101110111001010
10100111111000100001011011100100
01010010000110100001110010101011
11110100010011100101111000010111
10100101111100001001000110111100
10001011000110111100011110000010
01101000100011000000111101101101
11001011110010011011111100110110
11111101100001011110100011101110
00001001001101011001011111111100
10001101010010001011101011010011
10101011110011001110000011001001
10100100000110111010001001100011
10000101010100110000110111010000
01100000110110010101111001011110
11110110010001100101001100101011
11001001110011111101000001111101
11101101100110101000110110011000
01011010110100000001111001000101
10100000000100010101101101011100
10000011100011001011011001110110
01111101100010000111100010110000
00111101100111100001100100010011
00100101101100000000101011000001
11001101001110000001101001100100
00110110110000111100000100110110
00111001000000100000001010100101
01001010001111001010110101101110
00110111010000000000010101010000
01100111110010100001111111110011
10111110101100000011001010111001
00100111001111011000110111010001
10111000101000101100101110011010
10011110010010011011100100010111
11110011010101101010010000101000
00011011111001100000101101000110
11101001011011110100100101110111
11001110011000011011000001000111
00100000001010010110101100000001
11010110010000010000110011010100
00011000111111101010010011111100
01000101000100010011111100010010
00111101101000001100001101000101
11000000101010101111000100101011
10110100010000000110010011000100
11001010101000100010110000101100
10110001101110010011101101010010
10110101101001001010101110110111
10111111110101110110001010111111
00100000010101000011110011001110
10011000001011110111110010111101
10011001111110110010100001001000
01011000011000001001011100010110
10110111001101110011110111110110
11100101000101111101101011000100
01101001101101010000100100110101
00100111111111010100110000110010
11000000100100011110100111000111
11010001100111110011110011110010
11100100011001000100001010110010
10010111001111101101010001011000
11000001011111000110100010110101
01000111100000101101000101110011
11000001000101101001000000100000
10101101101011100101011011010000
10010001000101001110100110110000
00101111110110110101101001010011
01001111000110001110101110101010
10110101000001111010111000111000
11100101000001111100111100101110
01000010111010111111001011111000
00100010111111101101111000011011
11011000011011101001010001100111
01100011111000000010101100000100
11000000111100101101100001110100
01110101111100011010011101010010
11101011010001110001110111000111
11001110101110101010100101101110
01110110101101110110010011100100
00110111001111011011001101001100
10101111110110000101100100001100
10011110110001010110101110110110
10011011110010101000110101110111
11111101111101010100001000011001
01111000011010100100010100011110
11001011011100101100110101001100
01110011110000000110110111000110
10101111010010101010110101011011
11100101001000100100001010100000
11110010111110011110100000100100
01001100101101110110100010001001
10110111000100010100101001001001
10111101001011111100000101011101
10000101001100010111010111101001
01111000100010000010110010101000
11001111100011100101011010010101
11001100101000110111001101001101
11111111111000010110111100000001
10101100011011000010010111100001
11010100010100110011101100100101
11000011011001010011100001111111
10010100111001111000111000110110
11011000011110100001111110110101
01011110010001111000010111100101
01100001100011100111001111010001
00010000010101010101100010011010
11000101001000010111101000000000
10101101101011000010111110000100
00100011010100100100010010110001
10000010110101000100101011110101
00000000000101000001000001011000
10001001010111011001010110101110
11000010111101110100010111000101
01100011011000111010100101100100
01010110011001110011100100000000
01110100101110111000011000100111
01101101100101101111010110100111
10101110110011011111000000100011
01001000000100011101000010010011
00110000001110000100000000010100
10110100101100000010001111000100
10111100010110101100110010110111
11001110100011000100111101100000
01010000010100011111001010111100
00001111011001010000011011000011
10100100011100101101111010010000
11000111110111000110111110100011
11101010011010001001010011110000
01010101101110101111011011000111
10011101110111101011110000011001
00000111110001001000010010001101
10000011000000001110010100100111
11100101100000101000100100110000
00111100011000101100000001101010
01010000001011101001011000101110
00011011010111101011010010011001
10001001001100101011110011110011
01001101101010001101110101000100
01011010010001010110111010000111
10010010110010010010100110001110
00001001100000101000111110001100
01000110001100001010101010110101
10000110000000100001011010001110
10100001111101110011011110111110
11011010100010010100000001111100
11011000000001100000100111010001
10011111101001001101011001101000
11011101111111110100000011010101
01010101101111010111000101001101
10010100000000011000001101110100
00010001000011001111000011011001
01010111100001111010010111110110
11101100000001100111100010110010
10111001000000000101010001011011
01001010100011000100010010010110
00000110100100101111001001110011
01100000000101011111000110011011
10110010101100100000111011001111
11101000110001101001110110000001
11110100011001101001000001101000
00010110011010101110001101111100
01011000000101001001100100011110
01111010001010010010101100110010
11010101011000000111001000000100
11011110101010100100000000010010
00100010100000011110100011110111
11111001111101011111111010101000
10001011011001100101011101111000
11110110010011000010011001010011
01010100000111000101010010101110
00010011010000001010000110011011
00000011101000110111111010001101
00100110011001100011100111010100
00000011111101110100010100110000
00000110101011010100010011110111
01010110110110110001101111110011
10011110110010101110111001100101
00110111000010011001010010000000
11101000000100110110101110101100
11001100010101000011001101110100
10011010011111110111011000011111
01001001101001000100011101111001
00110001010010110010101101111101
00110011100101101101000011110010
00110101111101111100100100010010
00011110001100100100001101100000
10001010110111011001011010111110
01001001001111000001000011010101
01111110111101111000001010010100
00011001111100100110100010001101
01011010011101100010110001010001
11111001101010010000010011100110
01011110011010001110001011111010
00000011001101001011011111000010
10001010011110101011110101100010
10001111100010000101101010100001
01101010011010101010110011001011
00111010110010001111010000011010
00101101011100010001000100100110
01011001010111100111000001001100
11001000100100011000100011111010
00100110110111010000000011011110
11001100011011011110000100011010
10001111010011010110010000101101
11011010001111001001000011110101
10101010011100001101100011010111
11110010111111001100001011111100
10010100011010101101110100100001
00001110001000010101110011110110
11011001011001000111110100111001
11010010011101010111001111001000
10100110111000100111100011110100
01110000100101100111010111110011
01110101111011101000100000111110
10011111100011001111001111010000
10101100010011101101101100010001
00110001010110110011001111110000
11111101100011010000111010011101
00110111100001101000010001101100
11011001000010011110001100101101
11001101001111011000101100110100
00111100100011100010110010001000
10101111101000110110101110110010
00011011100000001001011010000110
11011000011111001001000010111100
10100110000100010011000010110000
01001011101101111110101000010100
01011011010100001101100110111000
00111010110011110011110000010010
00001101010011111110000010000010
00011110001110101011110101100001
10111011000100010100100011001101
11000001001110010111010001011101
00100111010000001001011011001100
10000111111010110100110001101111
00111010010001110001101010100010
11100001011011010100101101011101
11111011001011111011111111011100
11101110110011111001101100011100
10111000010110010100110100101010
11001111101101111000111001010101
11111001010101000101000011101000
01000110010001011100010101100001
10101000011100110011101000001110
00011001100101011001110101110001
01011101110100101000001101111100
11000111101111011001100001100111
10001110100111111001011001000100
10000001011111101101010100010011
10100101100100100001001001100101
10101001000000101010000000111000
00000011011000001111011011011100
00100000110111110100011010110110
10111010011010000011000101100011
00001010000011100000010101101010
11101100011110110101111011100000
01110111001100001101101000011110
00010101011011011111010001000010
01000000110000110111110011000001
00001110000101011001011100010010
11001110101000001111101111001010
00000111100110011011111010011000
11101001000111010001100001000010
01110001001001011110101101010010
11110011110011000101001111110011
00110100011101110101010001110000
01010010001100101011110010001011
10101100111001111101011001011011
11101110110110010010101011000001
10100001010111011101010001111010
10001001100101110011000011101011
11111011111101111101110001010111
10110001100111001111110101011011
00000101101010001010010110101101
00010111110001101001100001000111
10101101010100000010100111000000
10011001011000010111110001111010
01000110110101001001001011111100
10100100000101111100010100001111
01100101111010110111000100101000
11001101111111110000110101101011
10111011001011001000101101110111
10001010000010111101010010000000
10111111001100010111101011001110
10010100011110001111100000001000
11011010000100011001001011100101
01011100011100101000101010000100
11100110010010011100001100000111
10110100111000111000001111011101
10110001101010100011000000111010
01000100110101000011001011101101
11100110110101111111000110001001
11001100001110110001011000000011
11111010110110100011000100111000
01111001010011011100001110110110
11111101111100110000011111000100
11001010000111111101110111010100
00110001111111000111010011010111
10101111101010000110110110000101
00111010110111010010011001100001
00011001010100010111011110010000
11110111111110011001101001011111
01010101111110110010111001100001
10010101011011111100101010100110
01011110010000001010111001110111
01010001100110111101110010010001
01100011010011101100011110011100
10011000001111001000101111110000
00110101001000111000011101011001
00111011010000111011000100111010
10110011001001010001011100000110
01001010111110011010111100100100
00000000001010000011100010100000
00011000001011101000101100100111
10001000010100001100000101001101
10101100011110011010000101111011
01101001010001110111010001000110
10001100010010110100111011001100
11001101111101010001001110101101
11101111111111101100101110010011
00001111101000000011000010111010
00010001100000010110100011111000
00001111110010000001011100110110
00010100101011111101110110010010
01100010001100101101000011011111
00011111000001101111001001110000
10011010100011100010010111011100
01101011110010100101110000111101
00101100000110110111001110111111
00001110010111111011111100001101
00001000010000101100101010000100
00001011110001001010001110100110
11010001000101101111111001100101
10000001101010001001110101010001
01011110001001011110100100101011
11001001110100110000011100110100
10110111001110101010100110100010
01110010101111011011110110110010
01000011000111110110000111000111
10001001010111110100000010101100
11110010001111101011011001001101
11100001101100111011001000100001
11100111100111001001010010010010
10000010010000111000000101100111
01110110100101110110000110010111
01100100101101010001000010000000
00011000010111010101111111010000
00100011010101100011010011110110
01100101001000110000100001001111
01010111100000011000110000101011
01111001101010101010010000110101
10111110100100110110000101101001
10111100001000000110000000100000
10010001011011100111010000001000
10100111001010010111101101000101
10011110000001100011100110100101
11001011100110001001100101101010
00010001101101011010011110110111
11111110010011100010001101010000
10001001000001101000100000001111
00100011111000110001101011001000
01001110001001001101001011100101
10101111010111000000001100110101
10000101001000101010111100111100
10001110011010100011000001000100
10000001010001011011000101010101
11110010100010100001111000000011
11001001001010001101110100111011
11111011011100111110111001000010
11101001101110110110111100001001
00111100110000111011011001111010
10100101011111010111101010101100
11010010001101011011110101111011
11000100101000110101010010010010
00111110001101001000011001100110
01001101010100111110111001010111
00010001001100011010110100010101
10000100110101101111001111000000
10101000010110001011000110110111
01100001101011000001100111001110
11110000011001100101010011011110
11110000100001001000101110101101
10110000100101110111011111100111
10011000100110110011110100001110
01101101110011100110010000000000
10000001100110111111000101101001
11011110011011110111001011100110
10111001110110000000000101111001
11011111010000000001110000111000
11010110011011110101100100111000
00010001001010101110110001100000
10000110001100111011110111001011
11101110000100111110011000110011
00001100111000011111101011011111
01011111000000010111010111110110
10111001100111011010101111010010
11011011001011011011100110001011
11001000100111010100010000100011
01100000111010000101100100110001
10110111100001011010011100110100
11110101101001100100101111100001
00101000100011000010010011100110
01010010000010000010011101111110
11011110000000000000100101011000
01001111110111110010111101011011
10111101011000001001110000110101
01110111110100001010010100010001
11000110111100101011100101000000
01101000010010101001101100010111
10100010010100000111011110101001
10000011011100011101111000011010
00100110010001110010001000101110
00110001010010001110011001001110
01011100100000010001000000000111
00000001000100011011011110111010
01110101011011110110000111010101
01110011111001110011010011010110
01010111111000110100111100111100
00111001010010100100100010010001
01011100001010000101000000000001
00011010011010100100110001100111
00110110101000010111100001001100
10010110101101101110000000100011
00011111011100001000111001011101
10101000110001101010011110001000
01010010100011100101110110110001
