8 100
1010001111011111001100101111100111100111100011011111010110100101010001101011010010011101001111101011000001110100101000010000111111100101101001110101110101000001100011101110001110000100010110100011100111100110000101111010100011010111110011000100011101101011
1110011010010100110001100011110111011101000001111011110110011001010000101100001011100110110111111011111110000111011000110011111101011110000100000010110001111001011100100101101111111011100101111101101110011111101111011010101111100010101000000100111000101011
1101001001111000101010100110111101110010110100110011011010011101001001001111110101110011111001101101010010000100100011000111100101101110101101001010100101100111111001011011110111101111111001000010111101010111000111011100110011000100010110100000110000110000
0100010111000011110111111011011000000001000110101010010011000100111010001110101110000111111000001110010000110000110010110011110111010110001110010011100110110100011111011101001010010101101010101001001011110110011110110111010011011000100111100100010011110010
1101111001000101111000111000000100001111101001001101101100111000010000001011111100111011100110011001011010001101010010001001101000110100111110110000100101110110000000011100101111110000011111000011110011011101001110010111101111010010011111000010010000100111
1000110011101101000011010110010111011101110101011111001011000111100010101010000001110011111111111111001111010101110111100001110110101100111100100110001010101011011111011101110101101001110111111101000111010001110110111101110000110011000000000001011101001011
1110101100110101011000001001111011001011111111110011101000001111110100001000110001101111101101010010111111001011110110100110011101010110001011101011100000100001001101011111110011110010110110010101101001011101001110110100001110000010101001010100111111000111
0000110011011101111111010100010100001100010001011010111010111110011100010010010110111011001011010000110010110110000010000010101010100100101111101010111000000101010111100111000100110111010011010011000000010000111001010011001011010100010100111011001101010011
0010001010100001110010000011101010000101111100111110001011111110101101110100111111110111101011110100111111000101011100000101001010010001011010111100111011110100001101110011100101010001000101001100111011001000001110011010110011110110010111001110100010111010
0111000001010000010000110111110111100100100010011110111111010010000000110101011110101101011000110110110110100100010100000101110101010010111100000111011001111100011110011001100110011001001001100101101001110101100011011010100101000000110111000010000001000100
1001101101100000111101000011110110001010000111010000111101101111001011000001000010011101001110111100010101001100011100011101100111010110100110111011111100111011000110110110101001101101101000110101011001001001010101010100001111111011010101100011000110101100
0110110100010111100001101010111001010110000000100011100111011001111111011001010001011111011010110100111001000101100110101001011011111110101100110001010011101010010001010110100000111111111001100000100011100111110111000000000010000001001101100011011101110100
0010100000110001010100110000111011110010011100101011011101111000000000100000100011010111001100010110110100101100011110111011101000000101110000110010000100011111001010010010001101100000110000010011110011000111011011100100010011101111010010001110110101000001
1110100001011000001011100110011010101000111011000010000100100001001011001111010100111000110101101001010101101101101001011100101011111101100101101011111000010000010000000111010101010011110110001101001011100001111000010110010000010001000110011111100010011010
1101000110000001001101110100100000111110100010100000100110011101010010000100111111001100010000000100100111010000011011011011011001110001110110000001110100011100110001101000110001011000000101001000000001000011000100101111010100001111101100000100010100110000
0111011101111010011111010011010101101001100101000100110110110100011111001111101100101001101010111011100010110100101100010100110010001001110101001010001101111111111100001100100000001000111110010110010101101100110010010110101111100010011001001010100001101000
1110101010101001000101111101000001111100011110111001010001011110111101100100000011111011011001100111001001000110100011100001111001011101110001110001001010110101101011000100100110000001110000110110100101111110100101110110110011001010010000110001000111000111
1101001100010101001000011010110111100111111111000000110000101010000111010001000110111000010011000011100011111010111001100100011100100101001101010010110110100000100011101001011010011100110010011100001001011011101000110100110001011101110101100001001011110011
1100011010001010011100000110110111111111101001111010101101100110110100000000010000110010110110010001101101000011110001111001010011000110111110111100010001001011011100001011011001111011101011010000011001101110110000011111011000010110001000100001011110101011
1001010011111110001101001000111110010000001111000010100000111101111101100000111111101000001111000001101011110011111101000101001100101011000001101111010000101011000010111101000100001101100010111010011010011111000011100101100110110101011110111111101110011001
0010001101010011011110100000101111011111100111000100101100001001111001101010101011001000100000101111111010010101110001001111001001010111110111111001000110101111101001111001001110001000011011111001010100110101001010000111010100000111100111101001111101101000
1100011001011110001010000110010100100110000110101111010111001100100110011010011001011000000001000000001010001101001010011111000100011111010101100101011101100000010001111010101100000001001000010111010100010000001011101010010001100101101011001001010011011001
1000111010011000011110001000001111100011000100111001100000100101100100100111000110110001101100000101110010000100000110101111001001101010101101000000110110010011001101100001010000100110100110101011011001000000111001110001111010100101010000110000000111110110
0111110000101100100100000010010010010110111011100100010101010110101000011011101110110100011100110000010000011110101111000110100101100111111001110000100101100001101000001110111110101011001110011110000101100101101011001101000001111101011000101101010001011011
1111111100011111001100110111010000100100111010010100110111010101001001110000000000011110000100001101000101011001010101010101000000110010000111110011010100010011001101110000110111110001010011011101100101011010111000011000100101001011000001111111101000100101
0001111111101001101111001101010110111000100000101000110000100111011010001110110100011100000000110100011001101011101111000010001100111100010010000010011010011100100000101001000110000100010101000001110101111101011110000110101001010000100001001101000101011000
1101100011101110111010010010011111001111010011111111001001100011011010010010000001011100110010010000100001010110111111010011101010110101001110000111110000111001100011111110101101001001001011110001011010100011010011000100100011011001110110101110001111100101
0000000101010111101000110010100011111111011001011010011000111111111000011111111010110100111010110100110110000001010011001001110011111000100010111100000101101111001000010110100110101101110010111110001010110001101111111000100101011110011010100100101010000010
1110001001011101001111010110101100100111111101010010111110110011110101100001010011111100000010011000000100010001101011101111100110110011000111001111001111001010111100110110001101110000001010100110000100000010101001011001110101010111000010100011100111100011
1011000110110010101110110011000101110111010010011111011101100010110000111100111001000000100101101000000010111101011000100010101110000111000010100111110001101010101110001100111000100010011001001011011001101111101111011101000110011101111101100010101101010001
1010101011110101101110101100100000001010111110011110001010001001000111010111000010100011010100101011011100000000110101110100111111011100001010111101100101000000100001000001111111100110100110110110011110101110101010101010010010111111101110100010101111011111
1111010100011101101001011001000001011001100110100000010000010000001001101000111011111101010111010010000011110110000001001101111001101111101100100111010011010000100100101000011000100001101101111110100110101111011111110110110000100100001001101010100100001001
0101000010001010010100001110100101111111011010011101101000101100100100100011000111110010110011000011110010110110100101010111010011110101011001010100110100001000011010001001110110100100110011111100111100011110101110111110111011111100101110001111111111011000
1000000110001100101100101010100010001011010101110100010101000111101000010111010010010100100110000011011010111100110000100010110001101000111000000011111101011110100101010110001101110111011001111111011100110001100000100000011001110101010000000010011011001001
0000101110100001010101000011111011000100000111110101010010000011010001001000111001010111100000110010111100110010000011101111011110101000001011110110001100100101001101011110111001011001111000001101111110001010000100111111000110111001011000111001100010011111
1010111001000010001110110000011101001000111110111011111001000000000110011011000000101110001011011011100010110000001110001101110000111001100110010000101000110100010101111100001011101001100111111101110010101001000001001101000101111011011010100000101111000110
0011111001101101010111110101000100100110001101111111011010110010110000101010001111100111100000100010011001000000010001000100111110111000110000101101011110101000110100110110000001111000111111010110101111101101100101110010111100010011110110100111011000001100
0001111101111000101110011101110000000001100001000111000101101010100000011101011001100011100111010010001100001011011101010010000101110011001011010110110010001010001011101110100101000001011100100011011101000101100111000011000101011010010001111110100000100100
1100000011010000011101010101101000110110000101111100010001110111100001010000100010111111001001101001101001011001111100110110101111010010111000111101010010001000001010000001000110101001001010110101101111010011111011101010011111011011100111101100111100001010
0001011110101101111001011100110010101110101000110110101111000010010000000111010101011000010110011101000010001101101010111110001111000101101001111111000010010000010110110000100010010010001111011010000110001100101000110010110010000010000010001110001011101100
1111011011011000100110101010100111011110111101101100010100001101010100001100110101011100110011100101001011111111010101011101100110111110001100101101011011011010111011100101001001111011001101011110100001100101010110010011100111000010001001001000101100010111
0001111000001100000100101011100101011111100101010101100110110011011101011000100010101001000000100000111100110111101101110100111110000111000001110110100000000001110110010111110110111000101110110011010011100010100011011110111010110100010010111100111010101011
1001010011011100110000000111010000110111111011011101101001010010110011100111101001010011010100001110000100101110101110101000010001111011101000001000001001100010110000101100111111101001111000000011010111111001011111110000101101000010100110011000001111000111
0000101100100100100011111101010111111111010101000101111101001011101101101111101011100000001111011101110011101100100000101001111000011100011011111100101100100100100100110101010000001100100111010101010001000010100101000000011011100111000101001011110010000010
1011001101000011010011100101011101101101111111100001000000101010100010101100000110110010010001001011110110010011001011000101111100011010000000110000010101011011011001001010011000101010101110110100100001010111111010000000110100111010000111010010100010000000
0111100010100010100111111000000101000101101111011111110000001101010100100101000001111001001010101011000010011001110011000101101111000111011000101010111100001110010011011111010010011100101100100100101011011011100110100101111011000010011001110100011010000100
1010111010001001101111111101011011000011111101000101001000110001010000111001111010011011110100101010111001100100100111011111101001001010101000000101010001010110011111110111011011100111011100000011000010111001000011110001001110011001100100111001000011000111
0010110100001100111100000101111011011110000101000010011011011111111111101000011101101001101001110111011100010001111001010111001010100010001011110000100101111000000111110110111000111100101011110011011001111010100110000101110111001111000100011100101010110000
0010010010111111101100001111101010010010000010100011101111101010011111011001101000001000011010101101110001110001110010110011111100111110111001101010010110010000010011011111100001100111000011101100000101101001101111000001100111110101001011100111000110100111
0000110001011110101111100100001100110011001111110100110100111101010101000101011000001001001001001001111000001001011101010010100010000011101000001011111111101010001010110010111000010011101100000111000011101101110100101111010111011010001110101011101001111111
0111000111110111001111111111110010110101001010011000010000010000001110010010000010111101100010100001011001111001001100100011011010100001111111000111110101101101101010011111100011110101001111100111011101001111100110000110001001110001001011011111110101011111
0010101001101000100000111111000111110101011010101100101000001111100001110110110100001110100001111110010110001101110110111010110111011000010100010111111101000001000100110000100110000101110111110000010000010011101010101111110101000111000011101101001000101011
1111001001001101111010110001110111111001100001111001011110011001010010110111101100000010010010000001010001000110010101100100001010111010101000000000011111110001001001100001110100011111000010011001101110110010010100001100101101011000110110010001000010001000
1011001111011100110010001011011110100000110011101010101010111101011010111100100011000100111110000100101011111010110011111010010100010111001111101001000111010110101100110111010111100001000101001011101110000101100101000000110100000000101110010110101001010010
1111101001010101111111011001001100110111010011011010001001001011111110011111011010011011111101010001110010111001111111011111110001110001011101111011011000100001011011000111111010011101111101101011001011011010010100111100110011010110011010001001101111011111
1010000111110001111110111101001011100100111011111000111100011101100110000001001111100110111110100000000011100010000101010000010111010000100100000011111001000010110000010000111011010010110110111011110010001100100100010001110001011101100000011111011101100100
1000111111001001010000100010111011111111110010110011010100011101101110111101100101110100100110101101010001101000110101100011100110000101101101100101000101101111010100001000011010011000101101101100011101100110010100000001100111001010001111011010010011101000
1000111001000100110000110001011010110100101100111110000110010101111011011010101010110010010100010100010101111110100010100101000100011101100110110001001000111101000101010011000110000100110011000110001000101100100110001000001000111001001101010011011100111101
1111010111110010000001000100000111001111010001011011010111111111001010001101011101110110111011001111000001010110001101110010011000111111111111001010000011110010011101111100111000011100111100000110110101111010100010011100011001000100100100110011100100110010
0010011011010100000100010111000111101011011001100001000011001001011001101000010010000011111011101010000011000001111111110011110000101000101110001110010111100011000011001011111111000011101101010001000101101110111011010011110101110101001000011000001010010010
1010100010100101101010010110010111110010001011101110011101101001010011001011000100100101101101100001000011110011011111111111011010000101010100100000101111110011010101000010010011101110000110010000101110111000011001010001001011101100100110100111110000010101
1110000010001110101010011101010100111111011101000111010110111010101001000100001100010110000100110111010101001111010100000011110101010000001100101100000100101000111011010101111000000011101001010001101011000000100010000111111000010000101110000001100110001000
0110001100111010001100100010010001111000110111111110111011011001111001101100111010011111111010011001110011101010110010010111100001111010110110101110011101111100100110010001100110110001101100100011111011011010101011011001010100000100001011011001010011111001
0000011111101000111001000001011001001000010010000101101110011100011010010011010011111011011000010111100101001101110010110111100111111110011110010101111010011111011110111101011101100110001011110001111011111000101000000100001111000001001001110011101111100000
1100011001111011111010010100000010010100001100010110111000011010100111100101000001111101001001000111001100011011011111001001001011100011100001011110000101000011010111110010001011000110010001110111001101000100110010110101000111010000010001101101010011001111
1101000001110001010110110101010100001010111100011100110100011101111111000111110010110110111100011011001101000111001010101010000100010101100111000010111001110111111000001010101000001000111111101111001100100100001010010010110101111101010001100111100100111111
1010010101010010111010100010001011100101010010111000011111100110000100111001000111101000011000110101000000101110110010100001010100010101100100001101010010111100100011010010101110100110110001000000111000100110011101011101101110010101111110010111001111010111
0010011101111101111111111010000010111101001101010010101110110111100000000011010011010100011110010010100011110100001100010001010000110011001000010011110100100001100100010100011111011001010100110101011000110110100011101011001000110101111101010000011000101101
1111101001010010010001000100100110111101011001100011000110000101111111000011111011111110000001110110001011000010110001000010111101101000001110110001110011001000000010011010110011100010000110100111010100001100110001110111100010000000011111101100111011011000
1010001100001100011100100001000001100010110100111011110111110101011101111100101111101000100001001101011010100100110010001000000010010000010100010101101010010011000001001011110000101100100001111010000000011011101010010101111000101000000110100111111111001001
1110111110110100010110010100100100000001001000001101110001100111010111000110000001000100100100000010001001011111010111110010000110101110011001100010111011011100100010011011101011101110110001110011101010001001000010101010010001010000111001001100011110110110
0010011101101100001111100111110111111001100000001010111010110100001110110101101011100101011100111100000000111010011000111111000000100011000101001111011100100111001101010111100100111000110101100001000010100010011011010110110100100111010111111110100111010101
0010000100101101000110011100011110111000011100011011000000010011100000110010001011001010100100010101111110001111100001001100101010011101000111000001001010010100001001010111010111101011100101101101100011100010101001111000101011110101011010010010101100100111
0100111101100001111101001000000011011010011010001010010101110010010011000010110110001010010110010001011110100110001111001011000001100110110010010010101110110110110110100000110100100100000000001100110111101010001101010010010110001011011000110000011000101001
0000101101111001010110110011011100111100010101111010010011101101000011101110111111111100110111001110111101010001100001011111101010000010111010110001111110011111100011110001011011101100110100111011010110010111001101111000111101010010110010110110011111101001
1110111101100100001110010011110000101001100110000100101100110000000000100001001110111111000100111110000011010100010010110011101110110111100101101100111011100000011111101000001011010001010011010011110101001111111101000110000000011110100000011110101010110101
1011111011011010100000000000101101011000011000001001111110000000100000100100001100011001011100001110011111111101000000111111100000101101111110110100001100101110000101000100010101110111110001100101100001000111011101101000110010000010001110001111001101000010
0111111100000110101011111001110110000100001010001000001110000100011010011011000111111001001011100010010011100010100100100110100111101111100111110011101000001010001110001101000101010100101101001110111001010100000101001011100110110111110011101101011011111010
0000000011111100000011011001001011111001100000111010010000110010110111011100001100001011110010110011100000011011010110010101111101011000010110001111110110001101010000010011000100010011001110010100100101111101100000110101100010011011110110100101111011001000
1101100000101010110000001110101000110101000000011110010010100100000101000110101111010111001100000100100000110001111101100110010111101110100001001111101100011101011110100001100101010010111100110110100101100100011011001001000001101000001100001000101010101100
0101000100100011000011110000101110010111001111100111010100011101001011111000010011010001000101111101111010110101011001110100110001011101001100011001111100001011101001100011100011001001101010010100111111110000100000001011100101101110000010000100100011101001
1011100011010001101001111000001000100111100001110100010101001000001101110011001011110100101101001101101001000101000100011010101010000011001110100111110000101001000111011010010110000001010101100001100100100111111000010010010100100101110110010111000111010011
0010100101100101000110011010000110000110110011010110011010000100110010011000011011100001110110111001001100000011110111010100110110010001000001101001101110101010010010000110001110010110011100000100011111110011011001101011001010101010100100101010001010111101
1011010011110101000001110010100010000011100000001001101000011011001111101101111110010100111101101010100010011010001111010000011100000100001111100011000000110010001110111100011111010001000100100001111101000110000100010011001001010110001101011100100101101110
0000100011100000100010101100110010001010101110000101101011001010011001110100000100110101000010000001000101010100110011101001101000011101010000100001000000110101001000101001011111100001000110110100000010101010000111001011011100011001001010101111110011101101
0010110101111011110100110100000101100000000001000001011101110111001110000011111111111000111011111001110101110111010100110111011010010010010011111101011111100011100011100110111100000010001110000101000000010011011111110111110111110101000010010001100001110111
1001110001100101010100010101110110011000101100101011110010000111101011000000100100111001101100000110111111010001111111110111110101101011000101000100000011001111110001101010011100000010110101011000001101101101110111100110011010010011111001011011101010000001
1111111001000110101011101001000001100101010011100011101011011101011000011100111010000100111110000000011011010111101001010011001111111111000000001000101110001101010100110111100000101101011001010001100110111100101000001011011100111101111010010000110001010000
0011010011111011011100011010010110110111010101001100101110010001100110000011010111101110100000111110111101000010000111000001111000101111010011111111001000010111101001010010101010111110001010000010010011001000111110100101001110010010110011001010100010011011
1101010111011100111110011010111101000001101001011101001110010111011110101001000010001010011101001101110011101100111000111011001101101001100001100111011100100110001001001100101001101011111001011100111010010111011101111111001110000000111010011001010001011001
0101100000011011100010110001010000110100001100110101010011001101110010111101101001111101111011001011010011101111101000111101100110101100011110000000111111010001000000101001010110001000011100000000100011111010010110001000110101100011001010000001111000111100
1100011001110000001100100101100101110110010001010100101010010111110100010111011000000101011111100101011110111100011100000111001011010111001011001110111110000101110010011110111010111100111100111000010100011011000101110000001110000000111011111110001011111011
0010001010011001010100100001100011011010111111010001100010100001100011001011100010111011001011010100100110010110011100011110111001000010001001110010010110111010011111101100110111110101001001111100010110101000101101110011100101010001001011110101100001101010
0001011011001011100001110111111111110111111000101011100100001100100011001010100111110000110010110110000010110011001011110010110100101100001101111011010111010111001011011000001110010101100110111101000100010010100110100001101111110001101001101001010111101111
1011111000000111101101000001111100010010101010101001100111101011101111111101001000010110000011111000000001100111110010111011100101010010100100000100110000011111110100101010111001100011001000011110010010100111011011000000101010001001011000000100100101110101
0011101001011101010010011011001011001011101001001001110011001000001000111001100010001001101010011001000001001000011001010101001100111000101101001101011000010010101001010110001110001111001001011010011000000111010111101101011011101011011001001100111111100011
1001010001101101011110101111011101100001100000100110100110101111101101011110101011010111100000101101000100100001110000001011111101101101000000001010101100001110111110001001100101100111011001010100000101101110110110001010011001010010110011111111001010001011
0011110000100000100001110001110011111000100111000101011100011000000101001100001011111101110101110011101111101010011001010101011101111000100011100101101111111001011000000010010100011101101000011001010101111000111011111011011101010010000110000000010000110101
0100110101111111000010110001110011000000011000101010011100001010001011001101100010010110010110110100111110000111011111001100001010101000001011110110011011001111101010011001000010100111001110010001101110101101100110001110000011100000011011010101100010110100
0001000111101011001111000100011101001010010010000010010000111110110101111100010000100000001111100001011101100110001000001000100010001111010001110000011001001101001000001111001111110001111111011110110011111000110110011111000101100101011001100000100100110010
