20
200
O 0
R 17
I 0
O 1
R 5
I 1
I 0
R 6
R 8
G 0 65 43 
E 84 102 7
O 1
S 0 36 9 41 10 1
O 1
O 0
I 0
I 1
S 1 63 7 118 98 1
R 11
G 0 1160 1201 
C 1
O 0
E 1271 170 9
S 0 107 287 252 336 1
C 1
S 0 270 370 333 439 1
S 0 257 131 435 434 0
O 1
C 0
I 0
E 354 338 7
C 0
I 1
E 32 16 6
S 1 55 6 55 37 1
E 57 31 2
I 0
C 0
G 0 2 2 
I 0
I 1
C 0
S 1 0 0 2 2 1
S 1 2 0 3 2 0
I 0
S 1 2 1 3 2 0
G 1 2 0 
G 1 1 2 
R 1
G 1 0 1 
R 18
S 0 129671 89320 162758 90222 0
R 9
O 1
S 0 92 356 288 402 1
E 427 26 6
G 1 36 43 
G 1 17 47 
S 0 23 13 45 15 0
E 24 28 5
I 1
C 1
S 0 10 10 31 22 1
I 0
O 0
G 0 31 13 
E 6 23 3
I 0
G 1 3 1 
I 1
S 0 1 2 4 6 1
R 16
I 1
G 1 5469 42970 
E 16105 51958 13
G 1 6596 7784 
O 0
S 1 2999 757 4075 2235 1
S 0 2685 2548 4803 8005 0
G 0 192 7635 
I 1
C 1
R 14
S 0 4758 14619 5009 15033 1
R 14
R 1
S 1 0 0 1 1 1
S 0 0 0 1 1 0
S 0 0 1 0 1 1
E 0 1 0
E 0 0 0
O 0
R 5
I 0
R 14
G 0 15401 9981 
S 0 815 3338 15248 11924 1
G 0 15654 3633 
G 1 3638 5122 
O 1
I 1
I 0
G 0 8330 13670 
E 2659 1306 13
E 36 6193 10
S 1 569 242 1015 777 0
I 0
E 555 67 8
I 0
O 0
I 1
G 0 248 96 
O 1
E 154 100 6
O 0
S 1 5 13 40 55 0
R 20
O 0
R 10
C 0
S 1 114 42 542 252 0
S 1 329 214 743 282 1
G 0 371 860 
E 112 36 9
E 137 479 5
I 1
R 14
O 1
O 1
S 1 6826 147 9248 9781 0
S 0 3148 2742 13966 11726 1
S 0 8384 1120 11632 6354 0
E 296 2154 13
I 0
G 1 5197 7713 
R 14
E 4134 734 13
R 10
R 18
G 1 168689 40798 
S 0 182007 148878 217288 251022 0
S 0 13918 85631 71213 245501 1
G 1 259054 1313 
O 1
G 1 153766 141315 
I 1
C 0
S 0 205514 97164 244522 188457 0
R 5
R 10
O 0
O 0
E 964 729 5
C 0
O 0
C 1
R 6
I 1
C 1
G 0 38 1 
O 0
G 1 37 51 
G 0 20 20 
E 61 42 1
I 1
R 0
I 1
S 1 0 0 0 0 1
C 1
R 12
S 1 3676 56 3787 2272 1
S 0 1355 9 1409 2621 1
E 3417 52 9
S 0 486 6 498 330 1
S 0 42 214 152 413 1
E 378 471 5
O 1
C 1
R 3
O 1
C 1
G 1 0 7 
E 2 4 2
I 0
I 1
R 5
G 1 29 30 
R 2
S 1 0 2 1 2 1
O 1
R 11
I 0
S 1 1060 136 1952 430 1
G 0 827 767 
C 1
E 1492 954 9
O 0
I 0
R 0
R 20
